16729.391 20109.502 15561.614 14772.144 12830.432 14872.544 16745.453
16801.387 20089.828 15449.882 14515.221 12554.159 14880.375 16440.096
17198.742 20087.455 15425.370 14545.771 12472.517 15122.966 16382.091
17281.461 20042.623 15291.466 14602.146 12575.681 15029.387 15928.507
17452.262 20183.225 15202.780 14671.036 12552.851 15099.368 15880.900
17596.340 20384.148 15225.037 14669.389 12419.608 14972.588 15831.186
17735.816 20432.428 15118.704 14542.740 12518.360 15090.083 15628.594
17705.666 20582.867 15183.059 14515.646 12528.526 15065.444 15757.193
18057.518 20993.074 15383.333 14380.216 12605.168 15270.774 15894.561
18141.166 21337.295 15270.715 14461.878 12673.255 15400.434 15961.808
18543.297 21677.639 15541.050 14633.389 12781.729 15682.693 16306.926
18864.828 22177.328 16075.035 14631.921 12850.945 15875.101 16660.150
19241.176 22524.418 16320.618 14631.784 13052.627 16113.334 17020.748
19419.461 22841.670 16576.688 14738.860 13295.525 16325.153 17514.373
19549.055 23277.250 16916.414 14567.079 13188.879 16492.906 17767.705
19721.432 23606.426 17345.080 14777.513 13452.393 16754.139 18213.275
19952.580 23854.100 17786.719 14922.905 13520.083 16913.705 18569.779
20286.795 24297.441 18306.592 15111.726 13747.489 17169.996 19018.350
20522.215 24723.723 19076.752 15414.251 13969.136 17512.586 19643.412
20872.270 25139.184 19513.410 15787.784 14138.677 17828.930 20150.072
21126.020 25641.754 19909.459 16193.193 14462.273 18253.732 20650.258
21348.615 26035.766 20544.535 16437.574 14543.278 18512.389 21483.594
21657.262 26340.553 21164.482 16898.422 14727.534 18772.873 21936.646
22099.508 26710.014 21726.756 17371.701 15154.782 19234.336 22241.213
22265.602 27037.320 22494.561 17875.701 15371.836 19564.836 22573.893
22675.311 27288.723 23059.682 18356.711 15621.942 19771.393 23140.920
23032.854 27347.105 23486.039 18943.701 15825.116 19903.857 23593.912
23043.805 27329.025 23620.488 19316.693 16157.833 20316.875 24081.438
23181.566 27531.918 23726.527 19595.301 16436.387 20450.680 24126.643
23394.170 27620.180 23820.172 20133.750 16516.102 20710.176 24406.035
23427.203 27566.480 23993.510 20505.244 16558.246 20657.254 24660.883
23598.588 27546.943 24109.377 20930.094 16658.002 20639.766 24761.650
23782.301 27643.523 24136.221 21073.264 16865.143 20630.215 25042.094
23908.045 27664.850 24096.516 21306.381 17096.283 20437.893 25261.143
23911.639 27559.541 24049.975 21490.559 17303.152 20251.301 25226.611
23971.475 27561.295 24082.189 21636.498 17371.082 20112.686 25512.600
23882.471 27635.822 24064.434 21837.668 17653.723 20218.229 25712.902
23888.289 27774.693 24077.455 21827.695 17841.516 20482.717 25932.176
23961.271 27921.271 23984.879 21903.287 17900.072 20558.488 26351.221
24009.080 27784.020 23980.686 22147.342 18161.354 20677.633 26965.104
24116.170 27837.510 23845.750 22264.975 18170.184 20927.596 27569.793
24025.729 27766.824 23886.467 22384.678 18280.656 21049.602 28098.514
24041.834 27739.100 23888.111 22546.299 18614.650 21588.369 28738.619
24203.896 27827.117 23930.289 22565.373 18799.988 21791.613 29176.867
24328.549 27798.111 24118.217 22543.004 18777.299 22119.701 29684.648
24515.920 27790.766 24307.348 22507.695 19092.629 22881.561 30296.473
24940.869 27814.814 24455.787 22625.748 19154.922 22873.344 30792.246
25426.162 27734.514 24617.566 22668.797 19407.496 22923.363 31407.012
25622.988 27829.195 24750.014 22585.586 19753.805 23008.365 32001.857
25927.775 27893.148 24943.557 22592.096 19906.291 23317.164 32684.096
26057.752 27640.531 24737.428 22461.855 20131.510 23520.385 33092.793
26721.273 27653.934 24827.590 22425.289 20063.512 23360.275 33436.012
26752.293 27479.311 24779.535 22357.090 20380.330 23286.031 33547.008
26809.635 27377.334 24680.207 22381.973 20405.908 23150.461 33681.453
26848.049 27352.793 24472.965 22216.098 20301.424 22750.941 33721.734
26831.885 27018.250 24068.373 22099.086 20249.961 22387.260 33789.812
26813.520 26889.406 23827.986 22146.850 20105.055 22402.609 33875.602
26789.752 26653.477 23302.824 21917.617 19694.986 22063.477 33840.648
26857.625 26447.268 22891.617 21690.273 19620.264 21886.219 33802.633
26563.209 25897.168 22651.088 21464.494 19470.871 21591.059 33701.461
26354.637 25639.072 22345.592 21201.727 19387.432 21162.244 33297.941
26120.623 25384.334 22178.258 21035.596 19377.439 20932.182 32984.141
25501.512 24877.875 21637.725 20446.750 19146.461 20551.824 32566.961
25161.467 24666.900 21444.836 20215.492 19100.455 20249.660 32505.100
25110.512 24520.016 21207.428 20014.107 18940.295 20198.129 32346.584
24901.893 24554.135 20908.865 19542.736 18668.785 19810.398 32294.354
24689.938 24624.996 20776.758 19265.666 18709.727 19760.342 32126.914
24617.379 24668.471 20733.254 19089.916 18738.783 19921.385 32060.338
24591.139 24723.629 20702.826 18725.266 19001.496 20357.277 32119.756
24731.977 25105.877 21095.420 18640.230 19425.219 20194.049 32430.400
25105.217 25331.275 21428.365 18754.258 19634.832 20619.684 32779.414
25361.557 25789.141 21937.123 19183.363 19747.408 20812.104 33584.926
25583.455 26141.785 22542.580 19475.432 20266.100 21032.594 34209.523
25879.131 26639.307 23160.805 19796.482 20710.020 21799.096 34847.395
26209.363 27078.117 23941.490 20450.541 21040.471 22129.479 35601.387
26643.979 27560.299 24652.742 20844.031 21424.539 22688.895 36302.250
26914.463 27994.291 25464.043 21251.832 21823.141 23108.613 36846.270
27283.607 28356.793 26237.938 21753.455 22106.494 23360.602 37618.293
27596.496 28617.795 26906.482 22145.873 22359.006 23531.340 37971.887
27853.953 28812.438 27603.021 22509.760 22480.062 23523.664 38218.070
27828.469 28820.600 27894.799 22821.939 22695.105 23784.693 38192.383
27913.205 28849.988 28304.832 23099.379 22991.189 23752.660 38245.211
27940.633 28859.314 28358.750 23387.754 23072.025 23858.039 38216.613
27888.900 28415.814 28219.820 23475.145 23155.758 23701.559 38058.969
27951.545 28407.766 28019.328 23263.914 22965.654 23069.412 37837.227
27968.100 28217.643 27735.385 23116.945 23140.197 22604.574 37727.199
27981.885 27883.291 27276.797 23196.133 22892.883 22149.793 37502.227
27868.961 27849.133 26750.725 22852.850 22665.652 21975.555 36851.840
27698.670 27517.898 26122.225 22424.479 22583.547 21865.219 36127.125
27239.990 27382.152 25620.723 22210.785 22462.154 21360.410 35780.625
26982.184 27389.250 25111.145 21953.406 21790.109 20953.035 35162.242
26688.852 27285.982 24634.350 21756.475 21782.145 20723.949 34710.176
26685.412 27311.166 24050.070 21545.984 21598.732 20393.945 34141.102
26484.799 27451.746 23642.611 21305.207 21366.936 20167.307 33848.902
26371.982 27620.521 23312.361 21296.352 21355.266 20409.717 33919.668
26419.186 28018.443 23158.629 21277.594 21302.555 20545.896 33870.625
