28015.947 28209.896 29189.066 23485.871 20917.062 26409.061 22580.396 23577.900
27097.732 27247.568 27886.186 22943.400 20442.545 25791.715 21903.719 22545.129
26205.104 26278.320 26961.672 22501.957 19740.445 25449.654 21276.832 21607.426
25297.766 25529.895 26096.793 21474.744 18943.723 24331.617 20023.172 21140.438
24303.785 25048.064 25688.998 20895.977 18657.039 23497.477 19645.506 20685.729
23345.111 24634.340 25100.363 20168.879 17991.387 22994.369 19188.879 19884.611
22619.719 24539.779 24599.357 19700.496 17339.795 22281.137 18761.588 19481.891
22036.395 24210.191 23959.904 19194.223 16913.791 21883.318 18632.734 18880.879
21519.328 23801.889 23232.109 18820.293 16458.439 21628.369 18161.348 18362.174
20941.957 23297.223 23014.400 18797.641 16046.931 21450.871 18162.152 18238.613
20828.479 23020.156 23011.654 19040.367 15896.382 21512.006 18215.781 18121.521
20721.135 22956.762 23087.113 19009.617 15755.011 21684.186 18090.361 18199.414
20997.504 23186.371 23242.715 19274.637 15925.458 21831.914 18426.973 18488.164
21570.482 23763.016 24246.832 20144.885 16375.924 22722.764 19325.420 19339.277
22615.023 24596.475 25115.838 21286.957 17216.111 24035.275 20501.965 20732.838
23866.867 25787.896 26057.387 22392.709 18072.332 25575.225 21501.797 22132.684
25001.564 27007.293 26906.896 23386.768 19042.078 26836.406 22899.529 23730.514
25882.660 27667.365 27749.246 24279.514 19424.137 27864.008 24295.506 25557.658
26629.139 28276.912 27765.922 24710.865 19917.041 28628.848 24649.980 27006.207
26852.152 28346.961 27930.533 25034.186 20185.391 28842.047 25268.131 27540.311
26636.086 27950.621 27497.332 24939.111 20289.451 28588.529 25462.252 27657.029
26281.652 27179.344 26844.861 25001.316 20440.148 28123.338 25912.969 27815.057
25974.400 26479.553 26459.654 24526.148 20023.789 27595.430 26011.770 27355.049
25260.584 25750.541 26118.193 23978.076 19700.949 26989.746 25949.150 27159.820
24667.658 25551.391 26082.480 23880.922 19916.074 26701.736 25863.709 27442.818
24651.088 25532.395 26760.947 23931.555 20231.455 26507.828 25984.863 28408.568
25171.957 26137.209 27993.178 24149.746 20926.115 26941.391 26485.000 30023.568
26113.727 27158.996 29207.043 25072.715 22298.238 27371.564 27491.162 31811.740
27498.066 28588.910 30941.936 25937.541 23435.102 29198.936 29105.115 34268.301
28501.684 30282.246 32918.715 27513.762 24631.312 30856.658 30280.139 36300.191
29398.822 31332.078 34086.625 28332.279 25447.170 31607.570 31444.537 38011.371
29213.381 31486.582 34128.523 28760.727 25615.568 32010.965 31803.959 39294.625
28682.559 31298.264 33776.289 28560.680 25359.602 32077.641 31477.379 39674.062
27719.184 30255.002 33128.551 27780.020 24873.504 31755.555 30423.742 39123.477
25988.539 28722.918 31854.250 27044.844 24655.828 30824.232 29012.656 38059.734
24321.463 27115.385 30492.932 26120.514 23679.184 29426.875 27431.223 36442.102
22552.480 25737.793 28965.066 24892.285 22701.543 27755.359 26036.926 34164.082
21000.029 24590.254 28016.959 23749.762 22132.893 26136.273 25027.199 32374.873
20311.818 23679.959 27772.512 23078.588 21999.682 25748.994 25063.062 31434.215
20594.977 23790.812 28058.736 23488.928 23182.051 26091.342 25782.578 31786.045
21738.553 25074.268 29838.492 24738.061 25073.645 27502.365 27135.842 33530.539
23504.779 27373.352 32021.977 26359.924 27232.791 29455.434 29048.529 36094.949
25401.539 29694.148 33746.793 29024.051 29847.467 32150.305 31627.658 39104.172
27040.779 31995.395 35123.543 30919.967 32006.330 34667.406 33262.527 41804.961
28084.875 33522.605 36079.926 32160.793 32799.457 36064.059 34142.020 43711.832
27999.820 33787.621 36167.875 32102.725 32983.023 36652.930 34731.207 43877.379
27208.701 33119.039 35488.125 31250.553 32612.994 36283.125 34949.062 43450.949
26199.215 31896.572 34400.934 30407.652 31855.162 34997.895 34174.816 42174.922
25072.676 30737.482 32821.012 28890.859 30515.645 33722.203 32858.812 40352.848
23973.111 29001.773 31081.117 27716.877 29201.061 32485.990 31670.395 38451.473
23090.174 27667.156 29580.121 26358.674 28647.891 31063.301 31014.322 36312.379
22651.521 27022.744 28509.082 24750.982 27664.510 29925.480 30359.133 33988.504
22713.895 26707.432 28210.889 24398.771 27728.654 28899.215 30394.932 32350.818
23403.900 27357.139 29412.174 24655.447 28447.711 29269.797 31124.066 32198.031
24483.920 28374.787 31203.334 25726.551 29744.061 30967.990 32839.613 33177.188
26708.791 30215.570 33587.438 27657.840 31755.521 33117.570 34978.102 35450.000
28650.188 32256.184 35859.336 30248.389 33544.988 36090.375 37159.715 38555.215
30114.721 33714.891 36965.980 32027.875 34874.062 38593.359 38731.398 41232.051
30752.113 34442.621 37796.691 33500.020 35682.891 40537.969 39856.254 43572.355
30914.689 34580.730 38221.613 33853.723 35530.469 41395.609 40247.605 44964.078
30256.627 33428.125 36978.871 33119.445 34577.344 41428.270 39727.316 44699.156
29178.316 32654.279 35348.496 31785.980 33587.250 40804.879 38793.828 43726.281
27736.143 31411.979 33547.859 30184.818 32185.059 39278.109 37312.355 42156.289
26318.789 29920.336 31852.256 28333.684 30758.699 37802.848 35587.230 40293.367
25097.246 28323.727 30441.928 26961.803 29834.533 35821.129 34275.758 37814.203
24695.064 27216.611 29191.672 25666.723 28692.277 34479.691 33417.352 35522.090
24879.252 27284.494 28826.744 24637.203 28673.732 33476.441 33145.602 33679.070
25924.922 28089.043 29644.305 24740.812 29403.566 33748.203 33200.703 32589.012
27265.418 29059.779 31421.137 25922.289 30554.908 35052.852 34319.141 32804.141
28722.814 30454.635 33564.762 27820.787 32483.812 37348.078 35868.266 34276.715
30168.490 32245.336 35489.836 29884.615 33897.457 39981.016 37659.707 36789.582
30615.699 33181.238 37498.078 31901.734 35213.973 42632.125 39336.051 39741.348
30533.916 33920.980 39208.996 33179.941 35800.051 44529.031 40410.098 42110.691
29825.848 33307.367 39397.578 33265.648 35683.891 44678.855 40617.469 43519.910
28764.258 32545.891 38783.762 33080.699 35091.430 44130.766 40199.301 43540.473
27457.467 31229.521 37546.422 32008.047 34148.941 43517.625 39062.586 43130.137
26427.211 30078.877 36098.582 30768.383 33161.773 41917.523 37861.984 41660.629
25517.287 29249.027 34271.961 29278.266 31917.207 39999.855 36893.188 39541.328
25100.879 28278.764 32902.707 27582.016 30776.480 37945.629 35484.734 37311.477
24803.518 27720.998 31615.332 26453.900 29219.838 36084.367 34391.121 35096.602
24996.447 27759.500 30687.121 25319.510 28126.615 34473.020 33342.012 33007.691
25566.291 28578.281 30422.812 24732.623 27884.498 33530.578 32948.844 31342.375
26035.604 29278.936 31511.115 24448.359 28067.508 33484.500 32948.117 30525.955
26613.115 30394.730 33296.895 25154.346 29195.195 33998.371 33412.332 30804.650
27044.691 31189.979 35388.836 26487.557 30465.719 35272.301 34443.500 32205.439
27335.277 31625.059 37174.504 27841.521 31741.699 37001.805 35622.688 33824.902
27088.031 31756.773 37940.305 29210.553 33129.555 38267.207 36390.402 35594.688
26311.453 31166.604 37766.719 29926.754 33615.641 39310.105 36904.156 37127.270
25428.551 30160.484 36772.465 29941.570 33518.633 39422.039 37128.871 37418.895
24502.164 29118.979 35718.906 29593.100 32939.191 38911.828 36776.402 37005.426
23767.908 27900.459 33746.738 28717.539 32158.152 37977.137 36064.504 35968.648
23389.936 27429.262 32104.354 27976.426 31091.309 36576.945 35732.875 34371.121
23778.143 27182.891 29966.525 26616.270 29756.076 34886.359 34980.359 32732.701
24407.623 27266.906 28303.010 25846.541 28710.072 33447.273 34204.680 31013.486
25044.246 28005.246 26974.025 24443.676 27579.939 32543.020 33896.145 29177.082
25351.389 28783.443 26338.148 24255.934 26638.273 31403.916 33015.605 27600.139
25666.512 29601.557 26832.248 23753.117 26181.549 30875.574 32662.199 26478.506
25776.074 30321.953 27975.188 23774.504 26632.471 31044.297 32734.531 26285.377
25551.826 30398.346 29097.084 24421.338 27183.061 31710.547 32970.645 26627.812
25010.457 30598.639 30799.508 25474.131 28121.828 32672.965 33554.566 27234.867
24398.748 29876.352 31822.027 26708.510 29112.832 33698.164 33629.266 28391.660
23473.471 28820.877 32395.639 27341.129 29636.602 34691.344 33916.031 29430.801
22571.137 27584.598 32575.105 27684.125 29524.203 35654.039 33981.051 30038.766
21924.707 26403.551 31530.693 27923.836 29396.818 35891.383 33990.383 30154.580
21593.553 25415.631 29952.266 27173.496 28633.004 35481.797 34197.414 29693.729
21641.848 24969.949 28015.422 25968.691 27708.441 34589.719 33297.098 28456.016
21751.305 24783.686 25975.434 24547.133 26816.619 33510.012 32301.051 27728.393
22104.066 25009.561 24690.514 23449.580 25802.299 32267.641 32189.572 26347.055
22606.957 25532.016 23625.205 22665.727 24494.469 31373.537 31771.729 25561.080
23014.539 26235.658 22969.320 22160.555 23660.596 30535.086 31570.844 24477.582
23166.791 27219.146 23286.625 21881.443 23649.725 29834.844 31474.291 23928.996
22910.812 27511.070 24052.936 21862.227 23382.572 29507.463 31208.293 23502.682
22217.609 27660.766 25508.061 21985.430 23543.025 29348.652 30738.506 23518.994
21293.225 27128.709 27012.170 22309.301 24014.695 29165.408 30886.520 23801.328
20460.162 26261.879 28329.867 22482.355 24619.012 29061.277 31232.779 24086.088
