27717.340 29706.111 24469.756 20800.279 23985.480
27716.736 29170.199 23996.336 20903.012 23977.609
27181.117 27258.387 23096.555 20430.090 23419.871
25986.246 25347.531 22282.287 19912.734 22785.730
24381.648 23666.264 21296.365 19753.459 21732.441
22886.146 22216.195 20624.607 19227.496 20898.150
22111.424 21006.373 19725.203 18721.426 20092.859
21577.533 19981.375 18749.055 18418.705 19560.113
21370.980 19660.959 18599.201 18158.377 19399.158
21335.230 19843.350 18523.535 18090.039 19409.654
21659.203 20062.012 18557.543 18293.168 20020.408
21796.283 20459.082 18620.801 18285.088 20354.498
22160.758 20850.328 18721.682 18267.158 20800.643
22537.393 21135.883 18891.855 18374.158 20917.725
22750.252 20911.189 18956.084 18189.373 21088.848
23234.777 20896.428 18888.127 18033.535 21298.012
23603.445 20504.883 18802.221 17948.363 21360.346
24033.363 20500.340 18681.602 17666.988 21285.244
24270.209 20449.414 18363.309 17146.826 21229.113
24182.328 20614.107 18177.973 16693.402 20782.742
24266.293 20461.027 17863.809 16246.509 20358.992
24227.939 20640.035 17686.045 15938.500 19928.617
24057.400 20881.535 17631.717 15535.688 19251.520
23834.520 21474.283 17629.141 15283.421 18864.221
23488.738 21821.320 17756.311 15038.634 18394.424
23295.545 22167.201 17978.391 14873.229 18008.330
23281.723 22677.414 18453.447 14744.124 17771.654
23130.900 23151.197 18787.191 14705.612 17678.863
22795.996 23107.633 18710.146 14536.302 17504.891
22903.262 23439.643 18709.656 14412.404 17656.855
22793.900 23396.170 18543.189 14245.290 17631.029
22822.668 23429.150 18350.660 14101.391 17492.871
22831.643 23421.223 18033.551 13856.087 17274.020
22427.693 23255.811 17741.662 13527.398 16978.877
22007.316 23002.959 17526.396 13225.816 16504.477
21616.447 22932.393 17392.631 12987.200 16021.601
21241.369 23084.404 17450.836 12834.279 15677.326
20884.775 23879.572 18012.428 12905.988 15477.728
20670.404 24799.895 18733.006 13008.298 15386.975
20716.957 25265.293 19594.738 13303.717 15498.756
20721.184 26096.066 20597.318 13652.549 15896.309
21133.879 26779.760 21105.297 14020.285 16253.470
21599.678 27053.248 21659.105 14462.144 17118.426
22058.463 27363.006 21920.859 14698.436 17777.996
22267.041 27474.904 21928.273 14931.431 18412.215
22436.557 27299.473 21717.865 14817.517 18654.047
22469.205 27133.568 21489.010 14690.013 18792.725
22359.271 26828.992 20744.061 14576.406 18685.951
22022.199 26913.611 20143.510 14491.153 18528.586
21623.453 26333.225 20062.254 14404.525 18124.520
21117.889 26199.084 20356.670 14409.412 17705.451
20625.146 26223.520 20763.740 14566.226 17277.418
20253.643 26549.211 21597.084 14789.984 16988.156
20286.625 26602.584 22267.381 15036.024 16989.035
20280.803 26888.430 23089.561 15389.827 17288.693
20794.297 27036.789 23689.980 15754.812 17728.795
21270.316 27043.715 23842.682 16011.502 18450.338
21901.141 26956.311 23716.523 16152.801 19229.365
22441.176 26533.836 23473.535 16105.611 19858.707
22732.568 26217.148 23017.295 16065.467 20114.447
22962.525 25641.441 22360.213 15954.178 20176.387
22757.984 24984.734 21632.473 15618.676 19747.883
22549.367 24600.078 21199.908 15351.663 19118.854
22038.109 23980.582 21038.342 15152.790 18426.121
21457.830 23609.900 21160.227 14929.797 17762.918
20926.543 23308.455 21454.758 14864.345 17117.377
20600.611 23447.988 22333.098 14887.706 16914.494
20441.752 23650.203 23327.076 15060.962 17099.936
20557.045 23914.510 24223.305 15217.744 17755.566
20724.828 24239.293 24816.414 15398.817 18457.689
21400.162 24538.395 24975.193 15692.819 19390.102
22058.820 24953.840 24592.406 15843.617 20253.695
22675.293 24966.965 24342.197 15966.473 20987.568
23315.318 25057.033 23693.131 15945.854 21353.910
23590.469 24896.979 22903.184 15873.771 21482.199
23725.875 24844.703 22102.590 15773.316 21263.277
23482.906 24495.867 21556.787 15594.227 20898.686
22964.891 24286.229 21270.834 15521.686 20063.717
22338.613 23842.680 21250.537 15518.920 19205.154
21583.740 23473.516 21956.953 15473.005 18344.146
21082.885 23239.475 22811.188 15555.565 17599.639
20493.162 23271.750 23629.953 15646.945 17164.293
20406.822 23390.207 24221.910 15912.312 17294.725
20861.980 23667.105 24845.104 16170.189 17938.438
21526.436 23939.732 24859.766 16351.115 18916.367
22311.020 24013.527 24623.527 16461.318 19932.277
23140.879 24320.203 24139.902 16655.785 20838.346
23893.109 24615.871 23295.893 16725.799 21696.168
24359.584 24804.199 22361.906 16790.186 22063.346
24596.398 24524.645 21453.260 16669.182 22105.021
24402.912 24075.520 20737.186 16643.582 21619.090
23845.287 23546.436 20329.715 16595.615 21069.861
22961.900 22865.973 20275.418 16619.572 20250.646
22282.217 22121.842 20645.076 16604.951 19454.969
21575.518 21347.934 21496.504 16640.922 18697.373
20990.127 20744.453 22343.238 16577.475 18112.213
20766.500 20423.281 23201.262 16578.125 17963.621
20825.900 20391.008 23821.027 16633.869 18312.760
21167.266 20775.127 24197.775 16684.758 19307.752
21971.211 21302.654 24178.354 16743.045 20580.174
23001.543 22139.852 24123.469 16923.289 21948.260
24135.828 22403.012 23596.859 17118.773 23048.879
25131.758 22715.686 22762.049 17264.646 23790.592
26005.363 22939.602 21964.402 17562.430 24035.695
26391.371 23056.105 21300.420 17566.049 23855.127
26316.846 22670.738 20750.107 17705.154 23446.400
25693.600 21918.693 20298.947 17724.760 22704.701
25093.516 21201.941 20397.643 17966.059 22001.012
24416.846 20495.932 20692.064 17823.676 21024.648
23917.051 19735.648 21415.619 17775.691 20393.449
23325.842 19180.031 22263.416 17578.434 19703.814
23079.188 18988.174 23225.900 17467.904 19877.551
23158.395 19116.752 23907.152 17473.754 20386.209
