12571.722
12402.888
12268.826
12123.748
11935.397
11733.334
11559.810
11334.343
11076.131
10827.486
10577.451
10328.190
10092.548
9917.059
9751.174
9591.939
9440.453
9329.511
9256.658
9196.741
9136.064
9090.225
9112.820
9067.315
9127.331
9144.130
9187.201
9228.108
9303.190
9387.527
9473.296
9574.477
9671.811
9770.209
9891.229
10009.265
10158.204
10286.379
10387.898
10553.207
10664.346
10772.719
10935.550
11072.716
11186.824
11347.169
11465.649
11626.441
11781.882
11945.320
12142.362
12295.486
12479.667
12635.383
12813.081
12987.712
13148.643
13322.077
13496.943
13665.625
13805.225
13922.234
14059.731
14136.723
14180.069
14248.288
14260.593
14280.757
14232.161
14227.709
14217.489
14151.558
14141.905
14079.180
13987.778
13906.853
13920.334
13849.559
13916.257
13936.959
13996.092
14098.294
14222.335
14328.615
14460.951
14542.532
14657.557
14772.694
14868.674
14995.525
15092.588
15181.627
15253.172
15280.881
15302.739
15241.021
15234.498
15201.396
15143.105
15050.146
14926.568
