23461.256 23842.998 15014.420
23980.504 24639.494 14771.043
23801.033 24569.451 14497.753
24129.043 24235.141 13771.455
24042.861 23981.707 13348.820
23487.771 23277.998 13013.783
23402.529 22835.285 12309.171
22961.725 22095.758 11801.062
22641.453 21714.287 11373.276
21895.506 20880.727 11239.873
21487.396 20312.705 10820.444
20991.014 19779.439 10520.139
20536.383 19547.854 10182.259
20237.381 19461.340 9936.060
20403.691 19800.852 9891.688
20576.188 20069.896 9761.759
20985.031 20712.293 10109.385
21582.980 21567.066 10235.586
22467.008 22447.396 10514.786
22995.674 23171.973 10684.278
23658.783 23934.252 10874.197
24269.969 24441.932 11186.694
24773.070 24906.236 11209.962
25219.611 24978.967 11410.050
25130.080 25173.404 11565.944
25206.818 25666.006 11941.663
25461.703 26303.848 12010.645
25938.627 27187.107 12145.753
26606.531 28344.564 12390.017
27433.363 29791.188 12693.319
28451.879 31251.709 13295.711
29329.908 32786.043 13701.292
30440.611 34131.680 13974.865
30926.020 35156.422 14119.237
31333.449 35579.172 14045.522
31614.447 35414.379 14001.207
31764.195 34739.312 14057.092
31236.705 34004.219 13891.518
30953.420 33084.984 13819.760
30371.967 32660.607 13665.440
29824.670 32022.168 13780.257
29613.654 31733.955 13946.748
29765.178 31987.391 14257.006
30022.979 33091.836 14708.302
30308.418 34292.992 15274.217
31077.088 35626.922 15650.976
31403.170 36882.168 15943.860
31785.875 37733.047 16412.465
31673.025 38302.352 16172.589
31859.047 38129.227 15919.475
31854.246 37297.453 15673.312
31797.307 36055.094 15100.210
31512.887 34796.328 14904.792
30971.875 33406.344 14621.584
30513.260 32664.240 14280.060
30119.926 32384.824 14282.593
29851.082 32432.148 14250.137
29942.410 32546.951 14386.923
30238.748 33197.785 14755.118
30861.273 34048.887 14992.064
31906.164 34983.605 15185.760
32642.787 35590.438 15647.626
33203.766 35949.027 15676.454
33730.574 35868.473 15568.103
33919.320 35408.410 15369.233
33464.488 34562.277 15171.945
33225.324 33426.801 14906.907
33239.992 32231.520 14605.611
33011.484 31114.465 14321.741
32581.877 30782.234 14170.682
32139.012 30539.107 13993.890
31794.914 30761.789 13850.360
31533.430 31125.336 13857.164
31480.887 31972.697 13740.378
31302.504 32652.701 13771.335
31429.549 33290.141 13849.293
32080.084 33393.379 13907.386
32740.535 33282.129 13869.567
33159.352 32964.770 13815.652
33463.535 32148.426 13681.206
33763.832 31117.143 13552.825
33718.207 29790.068 13131.591
33763.723 28760.475 12881.827
33392.836 27644.701 12656.291
32871.781 27285.920 12291.981
32517.600 26910.018 11995.690
32053.584 26605.461 11768.415
31656.816 26452.490 11437.580
31567.002 26636.393 11288.603
31258.152 26888.955 11352.448
30926.744 27409.467 11500.807
30737.803 27445.820 11806.163
30487.777 27612.867 12090.931
30396.055 27278.924 11965.580
30255.477 26903.992 12104.216
30216.449 26576.299 12065.777
29804.186 25986.066 11986.398
28866.344 25347.061 11762.312
28398.600 24935.682 11882.479
27829.719 24571.938 11741.053
27365.461 24203.555 11422.472
26819.299 24041.145 11114.721
26269.021 23844.873 10794.600
