24365.701 24034.785 24875.049
24055.990 24619.049 24461.953
23234.482 24298.301 23959.768
22279.494 23466.697 22958.533
21625.598 22830.596 22170.906
21158.691 22691.277 21705.496
20849.482 22821.621 21516.227
20739.289 22870.771 21381.057
20662.396 23148.227 21345.477
20481.992 23092.812 21103.865
20144.443 22779.393 20853.744
19858.045 22453.451 20498.326
19706.076 22070.393 20198.717
19576.650 21998.820 20052.820
19536.432 22000.379 19988.172
19990.336 22710.217 20358.863
20474.822 23449.287 20732.461
21134.219 24371.660 21315.207
21432.371 24858.832 21742.498
21710.545 25294.959 21903.771
21582.547 25234.514 21699.119
21414.951 25145.076 21570.645
20845.535 24807.426 20993.145
20190.215 24266.480 20347.561
19675.074 23755.936 19679.775
19223.646 23460.939 19177.424
18998.871 23359.674 18983.260
19165.654 23972.617 19251.660
19550.277 24861.689 19764.850
20198.447 26182.736 20858.824
20987.686 27473.658 21863.324
21936.805 28710.160 23037.178
22192.471 29143.529 23551.639
22215.902 28887.203 23657.062
21761.275 28153.740 23360.082
21142.070 27174.508 22560.053
20309.066 25947.131 21661.064
19405.742 24786.438 20603.465
18535.057 23930.416 19797.525
17889.326 23477.945 19222.076
17638.252 23895.145 19182.238
17911.295 24842.322 19640.467
18966.133 26432.996 20762.316
20245.996 28419.365 22328.697
21631.041 30095.695 24026.363
22790.617 31121.242 25330.037
23632.141 31476.371 26267.781
23869.770 31090.951 26496.645
23643.713 30480.762 26097.213
23039.764 29050.053 25233.787
22151.674 27578.598 24042.812
21092.682 26145.055 22873.514
20055.588 24937.025 21713.086
19222.588 24166.699 20839.205
18828.941 23970.879 20358.195
19006.402 24776.234 20611.990
19814.783 26237.613 21503.828
21181.064 27924.182 22963.133
22706.615 29345.881 24589.088
24124.973 30442.055 25959.604
25137.947 30834.820 26651.443
25409.645 30457.490 26777.424
25081.910 29715.832 26285.096
24436.848 28738.574 25550.488
23393.172 27469.885 24320.576
22155.602 26016.410 23085.633
20944.811 24743.576 21910.623
19911.297 23895.404 21024.111
19163.521 23573.246 20469.105
18868.400 23972.959 20646.297
19354.555 24946.730 21448.533
20631.451 26387.498 22908.221
22010.117 27760.074 24306.131
23574.133 29139.787 25714.529
24988.133 29856.826 26790.705
25669.592 30005.645 27244.031
25680.799 29562.395 27203.447
25155.629 28797.787 26593.045
24403.637 27789.473 25728.682
23255.047 26433.695 24484.438
22033.590 25219.963 23142.832
20816.781 24048.324 21999.744
19930.760 23410.838 21307.123
19421.578 23319.467 21066.348
19389.125 23802.391 21413.535
20143.234 24926.504 22398.613
21422.195 26279.092 23719.230
23108.959 27521.451 25037.137
24652.605 28550.475 26142.002
25792.287 28974.725 26824.045
26395.730 28835.408 27081.824
26614.480 28502.230 26843.295
26207.062 27893.672 26286.018
25510.150 26882.812 25488.242
24516.146 25711.961 24577.678
23318.867 24790.264 23664.979
22233.244 24129.498 22977.412
21446.080 23868.920 22556.373
21105.457 24382.504 22629.762
21182.861 25085.693 23065.680
21898.953 26129.742 23953.574
22817.602 27291.600 24916.234
23942.744 27869.346 25806.418
25087.635 28208.672 26362.301
26100.441 28019.727 26698.846
26705.600 27830.672 26708.992
26724.814 27052.105 26221.000
26668.533 26098.469 25841.635
26009.596 25049.682 24854.846
25388.170 24105.953 24125.426
24586.676 23440.000 23340.406
23954.506 23251.322 22860.811
23390.322 23317.912 22704.104
