20186.186 19909.031 25038.887
20293.137 19372.375 24352.771
20405.594 18907.002 23646.605
20099.230 18504.756 22916.199
19760.590 18042.746 22419.412
19521.893 17881.121 22101.238
19204.303 17786.146 21645.715
19015.871 17435.320 21286.076
18671.805 17048.754 20872.514
18189.562 16903.188 20296.443
17896.262 16873.361 19991.387
17774.996 16933.340 19889.975
17907.885 17202.508 20051.822
18310.447 17637.189 20599.801
18768.197 18422.355 21632.504
19529.912 19446.406 22923.084
20186.623 20337.842 23950.248
20980.994 21093.070 24987.557
21264.703 21518.850 25498.811
21220.213 21408.586 25547.848
20986.904 21018.779 25240.488
20680.697 20540.105 24826.219
20210.391 19918.824 24358.713
19629.240 19134.260 23408.176
19200.627 18617.414 22975.742
19019.402 18644.553 23136.715
19303.668 19003.467 23604.061
19766.744 19757.512 24481.660
20770.350 20629.004 25978.420
21909.654 21710.006 27624.373
22502.748 22178.164 28770.297
22530.217 22165.664 29478.311
22216.754 21747.318 29436.025
21500.055 21136.771 29263.527
20619.549 20323.242 28615.385
19612.783 19179.650 27575.416
18788.203 18148.594 26160.000
17871.754 17242.100 24834.064
17403.074 16870.932 23981.742
17630.654 17165.506 23775.830
18260.475 17928.807 24390.758
19584.137 19303.582 25806.074
20993.082 20795.080 28053.168
22351.982 22296.643 30301.887
23066.490 23092.928 31895.346
23094.602 23404.666 32691.404
22747.588 23137.934 32535.992
21912.244 22509.600 31884.803
21103.623 21714.098 30353.312
20055.982 20715.242 29028.318
19281.033 19996.596 28009.326
18453.225 19378.012 27122.418
18088.625 19259.988 26340.484
18065.836 19700.639 26135.543
18614.672 20686.693 26665.988
19628.080 22056.021 28129.381
20827.719 23647.740 30257.119
21918.055 24936.527 32631.234
22702.650 26033.373 34350.449
23075.697 26434.504 35301.277
22849.469 25723.170 35413.445
22099.830 24995.936 35197.918
21291.266 23931.936 34118.664
20255.900 22939.186 32966.434
19476.764 21902.344 31170.484
18720.779 21187.361 30008.236
18266.947 21221.918 29374.666
18129.936 21666.959 29013.055
18490.689 22667.123 29489.039
19287.309 24119.416 30549.031
20349.762 25535.330 32371.217
21148.932 26493.592 34404.703
21758.844 27058.543 36162.691
21753.090 26916.385 37236.801
21496.877 26127.803 37514.812
21060.242 25179.539 37232.445
20417.287 24086.756 36480.922
19825.633 23197.119 35464.000
19206.758 22217.324 34222.496
18647.121 21442.160 32877.566
18313.941 21311.838 31697.631
18282.916 21608.598 30633.184
18267.791 22252.170 30227.127
18528.055 23254.979 30284.158
19066.844 24105.500 30632.100
19482.412 24684.967 31815.824
19870.268 24840.832 33015.988
19955.377 24621.975 34249.586
20074.959 24006.188 34939.645
19975.656 23334.846 35055.812
19584.783 22563.521 34758.238
19262.914 22025.797 33922.238
18948.299 21687.119 32879.496
18588.846 21598.518 31860.518
18253.299 21573.633 30597.559
17860.355 21655.117 29528.936
17778.602 21938.443 28264.260
17810.502 22247.727 27305.955
17950.521 22523.465 26888.283
18102.615 22423.330 27162.836
18412.549 22242.572 28069.463
18540.041 21759.066 29249.979
18679.400 21342.562 30043.293
18837.648 20908.693 30944.486
18979.275 20567.482 30986.627
18841.209 20329.498 30827.723
18833.996 20218.355 30385.713
18470.746 20187.258 29671.156
18301.408 20452.318 28851.516
17983.182 20616.775 28192.059
17935.105 20706.756 27594.656
17575.936 20622.877 26735.061
17342.232 20428.842 26006.701
17104.422 20200.811 25630.576
17088.740 19735.820 25809.469
