25528.488 18900.865 14757.291 18775.895
25658.113 19237.594 14736.364 18791.781
25477.703 18898.611 14507.857 18560.697
25236.844 18759.824 14325.687 18192.549
24763.609 18341.844 14147.766 17888.664
24210.436 18359.248 14055.837 17676.207
24590.881 18387.180 14148.660 18050.504
24964.723 18508.316 14363.848 18450.934
25437.059 18403.711 14519.078 18802.742
25616.412 18277.766 14700.365 19106.168
25526.045 18349.977 14945.731 19344.766
25253.699 18410.127 15023.572 19596.717
25053.615 18290.568 15031.551 19630.645
25115.504 18362.986 15143.868 19926.801
25012.984 18418.863 15194.270 20067.756
25483.305 19068.455 15514.205 20683.230
26255.070 19727.725 15961.863 21279.465
27226.047 20417.102 16366.215 22109.367
27857.072 21042.273 16673.846 22846.742
28338.619 21536.887 16719.992 23254.574
28423.809 21822.248 16570.949 23272.994
28340.256 21636.537 16460.219 23085.268
27489.535 21236.338 16005.147 22616.979
26996.072 20736.783 15640.684 22098.031
26504.426 20442.570 15321.954 21631.598
26091.416 20520.463 15130.941 21265.352
26071.203 21013.844 14944.143 21083.516
26901.045 21736.027 15185.694 21579.873
28177.318 23033.754 15569.488 22301.621
29986.006 24412.660 16180.968 23615.121
31635.811 25700.543 16702.439 24851.096
32866.695 26685.076 17333.980 26077.756
33413.285 26595.283 17700.279 26691.217
33230.293 26195.592 17795.051 26796.494
32387.666 25134.695 17484.688 26380.936
31281.652 24389.434 17032.188 25572.301
29858.648 23334.609 16453.047 24627.348
28406.801 22319.689 15849.809 23557.871
27117.344 21840.342 15439.448 22772.471
26029.463 21985.604 15054.633 22076.100
25951.078 22751.945 15108.625 22077.268
26756.342 24262.994 15483.998 22788.703
28489.316 26211.885 16364.704 24302.018
30673.385 28289.336 17622.887 26335.363
32590.590 29892.393 18783.578 28257.602
34111.461 30416.943 19774.184 29981.799
34718.637 30587.801 20498.074 31000.396
34633.145 30131.350 20701.266 31026.412
33897.133 28881.900 20516.334 30683.818
32441.691 27788.855 19893.289 29782.439
30817.836 26325.900 19087.119 28599.777
28945.117 25200.547 18185.842 27354.266
27466.723 24335.367 17360.322 26075.836
26532.287 24121.965 16795.293 25129.736
26214.234 25160.260 16453.959 24814.377
26840.334 26984.379 16663.908 25325.502
28551.684 29338.924 17417.016 26734.615
30814.117 31418.281 18681.771 29018.492
33193.160 32974.445 20268.666 31451.697
35055.371 33547.617 21705.957 33170.715
36105.387 33305.633 22736.924 34351.434
36220.820 32299.543 23105.387 34796.426
35526.133 31008.324 22991.656 34340.898
34278.941 29596.568 22357.508 33177.516
32538.012 27702.033 21289.605 31679.002
30592.084 26321.916 20175.541 30045.564
28662.969 24941.283 19185.973 28491.863
26855.189 24639.586 18356.564 27190.809
25679.428 25321.885 17730.693 26384.346
25287.846 27035.311 17624.176 26415.377
25914.146 29000.887 18100.648 27528.098
27371.508 30774.283 19110.148 29373.473
29592.727 32217.729 20467.627 31609.211
32000.307 32966.770 21845.377 33523.277
33814.883 32914.090 22983.211 35063.234
34703.430 31896.742 23650.621 35720.285
34921.254 30596.227 23942.160 35690.387
33964.332 29078.775 23614.467 34828.883
32765.449 27510.387 23047.443 33772.375
31102.217 25931.004 21982.553 32212.252
28956.021 24690.100 20968.598 30602.334
27137.551 23964.068 19928.803 29013.246
25852.117 23923.344 19151.471 28049.166
24885.730 24670.402 18551.875 27607.738
24667.812 26021.934 18505.549 27964.330
25394.949 27695.002 18923.748 29097.848
26861.400 29104.645 19752.771 30641.559
28782.439 29712.512 20932.734 32273.105
30705.717 29907.902 22120.602 33698.012
32135.150 29547.643 23275.299 34425.738
33000.199 28499.365 24166.307 34420.336
32990.781 27246.617 24644.135 33948.566
32175.748 25908.277 24723.654 32997.891
30880.133 24628.482 24551.988 31845.461
29617.926 23673.154 23869.232 30515.662
27901.441 23075.906 23038.766 29247.488
26196.930 23038.098 22278.615 28313.109
24904.842 23669.396 21491.244 27706.104
24361.943 24809.018 21121.822 27843.969
24320.256 26171.357 21169.057 28692.547
25019.533 27331.258 21577.086 30009.961
26467.350 28033.301 22278.500 31354.996
28070.021 28093.836 23343.484 32394.490
29745.094 27604.299 24507.676 33108.207
30876.428 26847.678 25314.557 33289.105
31167.939 26114.398 26005.455 33073.648
30823.932 25074.764 26197.381 32344.758
30273.883 24639.504 26319.123 31440.184
29403.715 24136.832 25664.807 30252.857
28778.629 24009.201 25084.979 29365.781
27351.051 24310.953 24318.430 28385.768
26168.467 25187.652 23815.393 27742.467
25817.012 26171.814 23578.104 27719.037
