13163.150 15311.804 13660.472
12878.364 14999.890 13507.848
12792.379 14895.432 13340.516
12684.283 14576.396 12982.489
12638.337 14343.033 13039.312
12512.291 14165.737 12651.081
12493.319 14136.164 12581.142
12551.443 13959.092 12419.061
12608.320 14033.677 12349.879
12775.623 13912.192 12282.546
12934.278 13972.502 12303.542
13038.326 14115.659 12361.506
13049.211 14180.382 12434.824
13016.996 14378.445 12188.233
13290.396 14369.145 12225.627
13501.638 14539.469 12101.536
13588.318 14491.504 12219.081
13704.268 14768.914 12285.186
13879.435 15108.732 12449.128
14099.263 15273.159 12649.909
14400.179 15521.115 12897.153
14622.157 15605.614 13034.664
14794.884 15688.058 13347.386
14955.021 16086.145 13817.550
15203.665 16290.021 14009.757
15446.162 16550.137 14417.890
15524.416 16807.359 14784.563
15748.167 16998.430 15106.828
15808.097 17082.023 15309.008
15972.283 17331.957 15560.231
16226.303 17528.195 15786.914
16450.910 17742.227 15875.274
16498.922 17934.352 16124.744
16555.928 18032.418 16225.798
16571.188 18437.963 16334.959
16628.432 18627.342 16498.807
16707.111 18786.664 16570.854
16649.648 19037.051 16675.986
16809.348 19268.369 16615.436
16960.891 19483.570 16657.465
16961.352 19494.256 16642.738
17117.877 19669.721 16760.904
17012.682 19776.113 16780.789
17055.947 20069.508 16953.041
17022.396 20270.920 17118.734
17224.076 20683.490 17431.139
17348.055 20981.906 17772.131
17343.869 21331.355 17939.746
17426.092 21495.598 18177.318
17426.213 21714.070 18524.990
17445.256 21923.973 18743.670
17592.631 22075.297 18863.539
17644.686 22062.732 18891.262
17722.592 22180.457 19196.678
17845.328 22092.812 19293.691
17980.723 22049.303 19285.268
18050.164 22173.178 19132.258
18165.795 21976.488 19002.014
18219.783 21764.332 18989.496
18047.854 21534.688 18958.080
18171.912 21482.453 18875.885
18177.652 21459.418 18781.164
18064.258 21249.361 18746.018
18107.701 21063.922 18780.801
18093.178 20907.154 18822.559
18003.609 20731.988 18762.072
17862.533 20663.010 18420.938
17815.018 20631.365 18328.145
17905.762 20805.947 18086.246
17993.838 20947.623 18067.566
17871.230 21165.939 18027.109
18044.297 21527.439 18352.387
18198.930 21858.738 18536.896
18457.520 22156.514 18821.773
18737.867 22658.395 19311.309
18736.926 23147.344 19690.209
18934.590 23435.385 20087.746
19090.768 23715.398 20586.793
19378.418 24019.738 21205.908
19759.031 24004.461 21446.582
20140.312 24209.750 21384.953
20726.273 24353.762 21469.328
21145.176 24376.980 21363.635
21268.844 24253.494 21276.760
21502.992 24031.285 21148.773
21593.242 23701.031 20938.814
21672.730 23435.396 20758.133
21670.900 23264.768 20680.777
21585.293 22881.291 20474.301
21740.385 22709.328 19758.939
21474.691 22583.154 19327.078
21263.916 22175.635 19077.645
21103.396 22037.928 18893.447
20944.334 21961.602 18732.201
20897.566 21950.877 18721.645
20861.178 22163.879 18718.746
