26253.377 24403.443 22379.717
25977.574 24108.332 22780.506
25301.129 23385.133 22517.275
23782.631 22116.326 21852.746
22246.438 20735.279 20689.170
21126.660 19593.312 19722.795
20494.352 18876.020 19238.914
20270.051 18569.461 19403.682
20302.293 18633.570 19625.789
20430.154 18807.062 20152.887
20527.555 19083.975 21093.447
20803.330 19410.957 21907.760
20957.123 19839.828 22332.809
21157.520 19865.441 23035.182
21304.260 20109.131 23379.344
21293.404 20343.998 23632.186
21474.307 20344.434 24015.361
21638.385 20305.621 24523.775
21774.090 20413.051 24908.955
21935.504 20382.988 24613.990
21889.367 20524.951 24519.787
21949.861 20487.916 24519.572
21778.623 20684.277 24245.211
21911.131 20937.861 24396.947
22139.045 21377.434 24630.748
22384.631 21828.604 24930.605
22941.926 22468.543 25222.193
23406.602 23062.020 25405.490
23896.188 23492.418 25489.352
24458.453 23776.432 25514.318
24779.047 23886.326 25400.195
24899.428 23976.863 25157.223
24949.398 23825.344 25092.924
24364.740 23564.203 24608.020
23843.164 23379.740 24339.572
23225.508 23088.539 24166.322
22685.232 23062.346 23930.730
22556.102 23394.461 23900.600
22762.195 23991.391 23942.875
23591.129 24830.633 24177.342
24452.246 25584.617 24401.768
25215.363 26420.439 24880.602
26213.078 27222.201 25348.273
27119.389 28018.963 25926.973
27232.496 28334.346 26157.467
27212.707 28480.197 26366.092
26827.607 28170.992 26518.004
26342.631 27827.703 26510.510
25789.301 27566.787 26869.090
25139.621 27464.281 27021.338
24782.959 27509.596 26806.295
24688.104 27827.334 26720.846
25058.623 28564.117 26522.219
25831.012 29476.449 26603.953
26652.957 30284.807 26624.627
27516.260 30783.750 26797.895
28258.814 30948.420 27102.283
28799.266 30984.178 27527.914
28810.658 30709.078 27817.701
28529.143 30194.812 27971.707
27677.018 29412.537 28249.479
26593.715 28901.559 28126.488
25484.623 28585.594 27996.000
24659.633 28312.365 27824.174
23827.775 28537.160 27587.502
23331.881 28969.803 27576.045
23502.352 29501.510 27735.381
23987.168 30191.791 27865.824
25136.195 30957.875 28261.402
26311.246 31536.682 28788.838
27182.559 31838.598 29621.775
27826.541 31726.846 30210.725
28084.428 31395.764 30545.355
27904.604 30916.441 30295.916
27109.828 30104.939 30100.760
26059.375 29386.061 29583.039
25025.969 28626.928 28960.361
23873.455 28133.953 28193.961
22932.967 27880.041 27485.232
22152.855 27625.340 26859.131
22256.475 27800.961 26391.082
22754.574 28006.738 26285.654
23786.061 28603.414 26830.018
25244.008 29154.627 27560.475
26605.238 29572.027 28382.498
27620.680 29991.869 29043.904
28119.324 30103.129 29781.912
27993.484 29957.535 30088.932
27550.949 29421.668 29704.301
26648.416 28590.971 28991.902
25586.869 27991.416 27947.889
24344.410 27124.752 26908.025
23333.676 26517.785 25789.863
22654.693 25887.752 24702.650
22441.742 25545.096 23893.061
22791.650 25321.201 23343.549
23705.008 25629.830 23371.201
24945.076 25891.818 23781.324
26499.549 26419.666 24788.416
27740.926 26875.074 25952.695
28469.096 27325.088 26900.869
28885.256 27558.180 27337.176
28907.680 27283.172 27407.266
28543.857 26838.887 27090.426
27714.680 26240.727 26151.160
26796.439 25670.818 25220.238
25777.211 25110.635 24072.557
24946.449 24460.201 22963.582
24401.609 23955.934 21730.447
24474.455 23869.150 21326.195
24731.301 23758.043 20991.818
25502.354 23886.377 21241.172
26503.100 24126.576 21893.133
