12262.876
12238.475
12188.815
12039.930
11859.014
11610.024
11399.257
11167.152
10916.255
10652.504
10408.850
10199.020
9939.544
9790.517
9585.763
9414.013
9282.102
9231.712
9106.464
9021.396
8971.700
8918.108
8917.160
8929.449
8978.902
8980.540
9031.485
9062.833
9193.471
9291.512
9424.918
9565.983
9722.924
9844.288
9992.154
10152.873
10283.453
10428.976
10575.317
10751.151
10858.548
11007.394
11151.883
11268.969
11393.285
11523.146
11677.764
11776.904
11905.537
12058.046
12168.727
12297.317
12471.110
12661.283
12790.020
12903.913
13040.985
13153.164
13208.782
13284.635
13352.338
13404.686
13496.637
13507.405
13554.911
13597.236
13574.403
13611.323
13542.849
13510.886
13457.601
13450.985
13387.856
13352.297
13293.481
13205.450
13148.427
13106.135
13061.570
13032.024
13054.528
13105.845
13066.640
13135.588
13192.640
13230.962
13317.231
13395.809
13476.511
13587.541
13657.115
13721.461
13780.917
13868.401
13925.238
13995.367
13938.136
13948.509
13949.437
13943.748
13912.955
