44398.793 44831.758 47373.551 54268.281 42795.738
35824.578 34543.223 37790.387 44763.273 33414.219
36213.113 33620.520 37690.668 45514.969 34162.504
36294.957 31943.887 36673.785 45696.984 34688.207
35809.473 31162.898 35432.379 45424.668 34848.156
34963.188 29546.061 34424.598 44630.234 34606.043
34807.965 28650.221 33368.336 43885.391 34319.391
33905.422 26864.074 32640.959 43435.441 33891.457
33370.363 26039.023 32015.725 42445.652 33252.785
34012.535 25335.982 31844.357 41586.406 32866.793
34790.816 25249.693 32012.643 41758.512 32972.910
35786.051 25305.619 32522.814 43004.172 33001.047
37411.934 25965.420 32820.109 43490.609 33662.539
39078.344 26821.645 33414.402 43989.074 34134.566
40548.637 27892.885 34535.605 44562.391 34701.359
41692.512 28588.857 36029.070 44883.836 35163.598
42324.965 29416.350 37055.766 45825.035 35775.793
42731.461 30357.092 37682.055 46392.125 36431.750
42893.418 30471.723 38032.613 47057.922 37442.137
42358.098 30737.676 38671.980 47530.168 37417.203
41617.199 30974.416 39808.020 48159.465 37218.055
40591.016 31380.975 39990.992 47804.289 36717.207
39360.969 31471.748 40098.160 47489.777 36539.516
38643.363 31773.471 39846.457 47706.578 36252.461
38397.559 32275.762 40180.750 47441.359 35944.371
38622.488 32994.117 40781.961 47295.832 35874.910
38775.879 33548.094 42082.652 47571.582 35916.277
39433.008 34717.020 43474.770 47619.668 35912.074
40055.629 36186.789 44923.145 48183.328 35919.426
40880.727 37197.723 46556.305 48387.000 35952.328
40776.109 38070.660 48192.281 48506.133 35643.883
40372.750 38779.547 49250.867 48904.227 35245.324
39729.555 39198.820 49666.637 48880.133 34908.441
38664.336 39194.355 49837.152 48684.312 34402.574
37049.523 39013.879 49629.438 48454.965 34069.973
35338.938 37822.340 48934.625 48683.879 33347.285
33626.875 37324.148 48130.684 48137.117 32560.318
32689.793 36086.164 47121.590 47557.746 31804.381
32196.732 35467.258 45875.844 47108.203 31445.078
32383.379 35162.594 45136.328 47153.129 30846.658
33267.922 35584.801 45032.980 47141.797 30932.762
34266.105 36246.695 45978.629 47532.941 31361.531
35779.707 37183.141 47573.766 47975.316 31730.418
37157.191 38194.500 49349.426 49272.945 32244.359
38456.621 39131.305 50615.223 50023.777 32628.232
38070.367 39960.598 51414.250 50375.137 32774.477
38041.020 40688.309 52281.770 50957.914 32308.715
37348.051 40517.711 52147.676 51579.094 31748.641
36574.328 40322.293 51330.691 51096.859 31160.021
35174.961 40346.547 50371.285 50530.039 30549.947
33619.605 39735.438 49106.180 50189.379 29615.869
32157.143 38981.961 48073.109 49491.730 28967.305
31195.389 38877.832 47031.453 48930.043 28342.945
30145.750 38015.016 45558.945 47989.875 27833.547
29843.564 37342.949 44602.590 46436.641 27640.131
29871.381 37466.547 44355.145 45613.188 28124.248
30783.510 38765.500 44775.152 45234.180 28904.172
32234.475 39481.867 45802.441 45889.770 30667.922
34216.969 40637.770 47445.039 47175.301 32196.326
35834.840 42135.109 49244.879 48142.270 33208.590
36844.957 43968.781 51060.309 48735.164 34789.793
37872.566 45406.930 52318.082 49202.781 35418.914
38243.590 46101.328 52809.398 49198.988 35836.633
37930.934 46423.750 52535.316 49233.238 35443.555
37966.059 46381.059 52107.676 48850.020 34966.445
36992.969 45705.160 51240.984 48511.344 34311.457
35824.836 45236.508 50724.887 48015.836 33566.832
34564.562 44393.059 49454.559 47524.816 32619.820
33748.500 44174.512 48427.535 47166.207 31679.115
32320.240 43849.199 47310.605 46738.203 30971.555
31672.436 44124.793 46042.961 46038.887 30600.686
30694.479 44773.918 45726.527 45355.941 30003.662
29972.475 45882.375 46078.531 45669.938 30049.025
29708.316 46670.750 47381.492 46023.531 30197.469
29760.250 47489.184 48692.664 46807.332 31208.779
30245.137 48080.160 50038.711 46677.012 32394.584
30558.375 48659.324 50886.324 47226.586 33517.324
31153.736 49444.488 50917.535 47342.203 34655.402
31232.621 49280.211 50246.645 47587.371 35491.641
31368.502 48843.543 50471.531 47722.004 36058.562
31511.184 48522.402 49664.480 47532.266 36336.605
31672.965 47533.582 49070.129 46981.969 36073.875
31598.936 46807.824 48039.309 46677.605 35449.180
30775.816 46051.750 46699.297 45688.414 34846.492
30397.658 45272.496 45281.699 44840.523 34330.211
29802.256 44972.516 44819.629 44590.707 33965.633
29369.404 44408.617 43946.594 44183.973 33547.016
28872.260 44161.148 43603.781 43863.812 33206.203
28357.207 43881.148 43402.152 43886.422 32801.543
27509.125 43588.191 42997.887 43991.945 32784.344
26961.814 43626.223 43249.621 44996.379 32882.980
26657.889 43615.734 43629.570 45224.812 32742.590
25684.377 43442.477 43697.246 45749.328 32923.867
25065.180 42917.934 43492.031 45968.262 33086.297
25222.184 42546.816 43196.449 45964.691 33500.215
25323.811 41818.359 43028.551 45788.430 33722.344
24902.232 40787.395 42547.961 45180.977 33884.418
24112.664 39843.121 42011.906 45620.922 33719.082
23713.934 39385.949 40783.207 45350.363 33487.301
23361.092 38080.723 40234.020 44733.441 33025.910
22656.768 37212.109 39328.570 44713.484 32949.238
21826.717 36332.684 38409.332 43823.410 32766.074
21760.709 35167.746 38016.191 43431.699 32387.086
21497.113 34901.699 36526.719 43737.797 31668.850
21173.006 34409.270 36148.195 42779.281 30839.191
