18129.910 17230.539 16973.754 18499.363
18341.637 17573.092 17063.057 18831.721
18248.672 17404.389 16816.689 19177.611
17543.141 16782.861 16414.859 19320.703
16970.443 16601.598 15605.923 18773.744
16515.871 16034.119 14845.154 18179.055
16400.320 15648.238 14388.101 17946.967
15809.960 15175.139 13544.609 17388.715
15431.166 14919.763 13386.652 16932.635
15196.477 14729.844 12913.185 16363.193
14902.970 14353.268 12747.537 15766.853
14338.070 14361.718 12456.879 15230.504
14025.296 14195.934 12264.157 14921.081
13788.958 14031.154 11928.610 14508.480
13864.109 14152.110 11710.507 14174.604
14027.159 14206.783 12163.025 14165.088
14276.119 14595.115 12642.402 14336.974
14836.807 14945.148 13298.948 14445.685
15351.646 15417.119 14148.185 14904.027
15765.530 15945.460 14551.273 15142.893
16242.719 16143.628 15041.112 15598.013
16463.123 16325.236 15027.154 16024.642
16591.281 16527.703 15276.703 16205.185
16626.418 16523.578 15283.600 16312.948
16406.285 16690.836 15325.506 16528.387
16544.289 16838.105 15375.844 16601.787
16690.148 17403.719 15795.307 16667.424
16723.443 17826.936 15970.072 16894.229
17169.129 18288.477 16420.654 17186.236
17266.000 18640.152 16906.891 17604.018
17515.545 19080.711 17002.150 18028.455
17808.184 19721.350 17730.572 18609.354
18067.609 20202.854 17807.012 19156.047
18656.572 20504.969 18215.330 19534.533
18886.229 20830.055 18409.553 19588.240
19275.758 20968.479 18478.238 19755.580
19419.736 20657.408 18716.607 19612.770
19415.543 20338.199 18400.467 19275.002
19115.086 20030.828 18071.691 18988.299
18669.814 19347.738 17493.432 18503.072
18199.936 19171.043 17093.289 18271.525
17967.662 18851.883 16958.928 17985.191
17926.275 18869.018 16648.010 17789.779
18043.031 19304.586 16945.494 17838.834
18193.373 19841.525 17195.076 18066.951
18058.557 20447.656 17626.047 18590.682
18291.627 20971.352 18183.783 18973.018
18637.922 21218.805 18577.275 19198.398
18903.482 21463.418 18503.096 19305.346
18915.176 21333.113 18728.395 19237.814
18529.994 20872.525 19253.248 19006.273
18608.691 20528.277 19082.441 18725.547
18211.777 19762.314 18769.145 18265.689
17830.436 19406.582 17996.316 17865.908
17222.035 19025.904 17804.344 17413.322
16883.902 18971.305 17671.047 16908.670
16785.738 18920.359 17744.771 16665.268
16442.496 19343.959 17378.320 16794.100
16694.104 19699.703 17701.885 16998.055
17020.992 20193.928 18417.801 17426.391
17125.168 20569.055 19252.676 17911.578
16895.104 20699.094 20312.779 18475.201
16976.748 20882.502 20739.623 18749.756
17207.871 20454.176 21192.832 19105.801
16818.182 19927.395 21080.686 19232.861
16509.689 19358.529 20687.232 18975.191
15978.011 18699.227 20306.223 18548.336
15708.374 18200.459 19811.113 18148.707
15259.260 17504.633 19057.957 17790.523
15021.088 17276.424 18600.146 17406.184
14593.214 17204.105 17847.256 17002.621
14560.753 17304.090 17388.307 16670.158
14587.706 17528.195 17283.902 16745.283
14495.223 17898.553 17330.781 16782.516
14511.560 18122.883 17657.984 17257.668
14537.243 18060.674 18206.939 17656.506
14779.368 18139.152 18677.354 18198.934
14789.730 17947.377 19211.395 18568.426
14784.276 17700.363 19280.953 18695.490
14954.332 17228.990 19772.400 18851.707
14941.906 16625.398 19396.193 19106.664
14531.704 16028.257 19162.445 18928.463
14161.906 15402.930 18780.627 18658.125
13940.421 14911.187 18286.283 18151.582
13666.968 14571.379 17621.146 17653.008
13344.527 14507.745 17047.664 17083.863
13127.481 14399.449 16723.055 16836.014
12817.688 14564.798 16252.557 16460.234
12509.235 14807.645 16134.392 16250.207
12392.007 15000.545 15816.481 16169.436
12320.875 15045.194 15836.534 16159.396
12220.423 14845.747 16040.299 16257.690
12117.487 14673.999 16299.645 16272.120
12212.416 14526.062 16548.682 16140.354
12315.123 14377.434 16544.848 16010.364
12245.876 14064.444 16529.180 15967.108
11930.464 13768.001 16395.803 15812.265
11575.127 13403.633 16293.215 15565.573
11238.871 13236.938 16007.863 15394.856
11063.449 12765.946 15882.319 15167.202
11045.162 12535.893 15573.494 14983.110
10841.043 12555.048 15250.456 14743.702
10470.756 12639.144 15000.229 14628.161
