16708.246
17211.330
17608.432
17703.271
17738.729
17714.461
17819.531
17769.535
17739.412
17699.270
17559.592
17401.420
17212.768
16937.738
16681.002
16392.660
16189.258
15909.067
15661.312
15351.982
15101.538
14845.229
14679.708
14542.358
14359.909
14252.689
14181.408
14186.465
14197.715
14249.794
14351.628
14532.839
14734.914
14957.350
15166.312
15490.385
15745.463
16006.652
16284.173
16628.410
16940.852
17207.943
17489.945
17688.229
17894.018
18041.738
18106.355
18191.076
18230.299
18261.416
18297.174
18311.619
18350.637
18471.678
18637.891
18845.756
19140.270
19496.531
19880.678
20304.898
20800.346
21321.646
21791.801
22310.473
22724.812
23094.896
23336.223
23535.529
23615.461
23655.814
23571.557
23349.832
23269.244
23049.846
22757.820
22455.111
22107.975
21812.771
21515.340
21236.730
21052.217
20921.193
20842.271
20933.275
21097.346
21352.455
21771.170
22210.756
22764.893
23249.318
23722.918
24196.498
24479.078
24781.098
24989.580
25017.416
24941.510
24768.877
24564.871
24141.145
23803.801
23275.609
22862.551
22455.994
22072.098
21718.902
21394.455
21095.076
20920.822
20906.578
20987.445
21230.557
21601.701
22113.168
22639.830
23411.428
