47944.148 34442.422 34442.422 44905.449 49890.297 36850.609
38078.922 23572.910 23572.910 34770.258 39681.809 26291.018
36952.523 22583.303 22583.303 34969.008 38491.254 24787.652
35454.438 21685.369 21685.369 34933.773 37885.066 23778.092
34217.223 20813.652 20813.652 34914.133 36559.492 23010.777
33367.965 19554.652 19554.652 34532.988 36114.535 22807.855
32300.400 18819.639 18819.639 33871.426 35471.500 22490.686
31316.857 18109.926 18109.926 33503.875 34868.488 22145.938
30770.059 18310.945 18310.945 33547.758 34891.934 21855.830
30155.836 18182.256 18182.256 33500.281 35217.336 21438.320
30073.750 18523.549 18523.549 33955.098 35784.672 22005.299
29785.711 19416.094 19416.094 33868.691 36844.094 22505.457
30334.166 20336.484 20336.484 34117.371 36801.469 22798.137
30924.189 21851.387 21851.387 34964.738 37597.070 23373.449
31855.309 23231.199 23231.199 35909.812 38176.547 23896.758
32771.625 25114.812 25114.812 37335.035 38767.805 24739.184
33795.348 26812.902 26812.902 38299.879 39720.891 25572.762
34737.020 28419.812 28419.812 39201.410 40372.426 26113.320
35284.383 29360.615 29360.615 39847.223 41048.699 27071.027
35887.371 29437.387 29437.387 40615.613 41544.680 27672.859
36096.047 29811.105 29811.105 41119.871 42211.871 27843.629
36135.859 30078.818 30078.818 40958.184 42416.797 28345.762
36406.438 30198.760 30198.760 40725.168 43571.020 28906.281
36605.035 31067.979 31067.979 40606.016 44257.539 29642.969
36996.977 31739.379 31739.379 40758.199 45448.648 30899.623
37674.758 33416.750 33416.750 40893.863 46722.340 31528.713
38293.215 35066.391 35066.391 41087.730 48454.426 32399.721
38554.922 36336.840 36336.840 41800.875 50160.441 33500.051
39799.363 37298.051 37298.051 42839.777 51081.777 34492.316
40832.863 38282.457 38282.457 43439.785 52165.973 35205.801
41530.797 38705.473 38705.473 44101.602 52721.113 35861.871
42046.586 39164.688 39164.688 44440.676 53201.188 36645.410
42107.051 39326.133 39326.133 45000.512 53335.223 37093.336
41340.871 39147.297 39147.297 44964.004 53183.062 37126.234
40299.176 38835.445 38835.445 44208.980 52830.621 37671.336
39217.379 38129.543 38129.543 43405.617 51954.684 37842.066
38451.043 37536.008 37536.008 42303.863 51191.672 37554.188
37342.105 37114.840 37114.840 41046.293 50489.043 37943.176
36723.379 36727.188 36727.188 40405.219 50234.531 39078.746
36409.285 36965.559 36965.559 39934.949 50724.875 40400.840
36923.766 37023.480 37023.480 40093.980 51939.180 41317.238
38047.711 38703.191 38703.191 40550.609 53917.695 42735.484
39449.227 40108.207 40108.207 41822.961 55784.730 43739.699
40241.773 41045.676 41045.676 42691.184 57422.773 44177.070
41519.738 42439.500 42439.500 44093.160 58488.770 44061.527
42530.742 43228.199 43228.199 44878.277 58878.316 43837.809
43860.391 43532.441 43532.441 45158.555 59234.039 43293.527
43394.172 43492.004 43492.004 45392.195 59332.457 42887.418
43462.289 43015.215 43015.215 45370.387 58838.840 42101.328
43245.676 42920.250 42920.250 44597.508 58366.520 41352.844
42354.062 42328.727 42328.727 44010.676 57549.082 40655.793
42329.754 41984.773 41984.773 43536.695 56452.750 40599.934
42127.391 41489.684 41489.684 43219.551 55592.508 40284.359
41434.996 41018.801 41018.801 43106.059 54615.645 40720.996
41182.297 40810.816 40810.816 42770.848 54188.410 41575.832
41039.141 41350.504 41350.504 42776.121 54548.000 42492.699
41112.191 42223.902 42223.902 43063.914 55887.723 43114.527
42395.773 43234.633 43234.633 44091.828 57419.062 43918.551
42849.523 44786.277 44786.277 45253.305 58983.285 45073.957
43630.016 45650.492 45650.492 46073.953 59922.465 46089.309
44544.336 46524.426 46524.426 46574.406 60703.895 46538.238
45261.859 47279.004 47279.004 47228.355 61209.195 47209.883
45726.527 47623.844 47623.844 47584.082 61286.945 47017.195
45689.609 47749.160 47749.160 47810.906 61138.586 46772.598
45033.215 46984.688 46984.688 47563.910 60811.871 46067.965
44404.340 46356.441 46356.441 47262.336 60240.410 45763.762
43484.766 45678.996 45678.996 47445.215 59102.359 44945.980
43153.676 45447.465 45447.465 47142.945 58171.848 44003.797
42785.480 45040.844 45040.844 46810.262 57396.867 43506.840
41966.184 44527.270 44527.270 46221.762 57195.504 43060.215
41615.492 44336.734 44336.734 46114.102 57238.473 43119.855
41591.203 44757.398 44757.398 46202.895 57750.523 43879.742
41292.984 45539.934 45539.934 46081.965 58660.426 44387.094
41466.367 46048.273 46048.273 46154.371 59523.395 44585.762
41525.773 47090.461 47090.461 46846.496 60477.301 45572.441
42087.777 47468.035 47468.035 47074.828 61160.938 46210.215
42686.422 47914.523 47914.523 47852.047 61368.617 45968.332
42518.844 48302.359 48302.359 47933.230 61477.449 45761.047
42633.961 48515.062 48515.062 48164.285 61434.672 45749.125
41774.984 48302.617 48302.617 47714.168 60883.258 45141.867
41192.996 47818.586 47818.586 47420.164 60289.770 44280.785
40620.102 47327.828 47327.828 47093.160 59557.922 43059.887
39919.859 47001.668 47001.668 46174.230 58865.223 41704.945
38830.469 46537.598 46537.598 45431.785 57967.922 40958.730
37479.715 46428.262 46428.262 44365.715 57190.242 40859.141
36873.766 45947.934 45947.934 43300.762 56929.559 40530.543
36244.945 45957.586 45957.586 43210.719 56414.844 40379.938
35896.988 45315.527 45315.527 43670.523 56187.680 39903.734
35663.332 45308.984 45308.984 43862.223 56563.969 39517.906
35627.109 45280.812 45280.812 43436.035 56985.422 39345.566
35281.352 45358.031 45358.031 43460.406 57384.777 39077.289
35440.492 45710.383 45710.383 43134.301 57176.641 39091.285
35731.582 45774.789 45774.789 43347.828 56650.027 38933.379
36016.660 45805.762 45805.762 43101.672 56235.562 38878.164
36251.676 45300.703 45300.703 42351.465 55318.977 38030.129
36394.367 44583.664 44583.664 41766.535 54827.730 37693.410
36142.352 44053.109 44053.109 41043.898 53942.719 36641.691
35924.281 43078.246 43078.246 40242.633 53016.508 35479.895
35163.043 42178.684 42178.684 39101.859 52232.641 34990.520
34638.102 41585.980 41585.980 37973.688 51477.426 33946.008
33936.129 40959.496 40959.496 36546.930 50623.973 33202.227
32979.395 40214.184 40214.184 35988.793 49697.176 32128.682
32480.697 39681.344 39681.344 36102.234 48758.871 31075.049
32046.598 39210.867 39210.867 36382.754 48293.613 30853.543
31808.807 38634.684 38634.684 36597.000 46975.332 29579.000
