12070.019
12632.973
12929.501
12985.696
12968.611
12921.293
12875.941
12871.700
12779.908
12683.076
12535.122
12359.328
12181.099
11992.754
11790.871
11536.774
11319.438
11095.850
10903.650
10710.312
10524.082
10315.887
10162.182
9974.595
9859.853
9733.570
9686.828
9637.295
9583.648
9555.013
9562.246
9590.453
9657.309
9718.329
9821.100
9942.377
10070.273
10228.186
10429.692
10618.362
10845.235
11008.991
11169.984
11314.713
11428.233
11530.466
11633.539
11707.475
11744.550
11780.014
11847.712
11905.239
11948.392
12048.054
12185.519
12328.042
12529.188
12740.816
12978.458
13252.641
13543.777
13934.910
14249.654
14556.291
14817.850
15063.857
15264.513
15347.961
15467.866
15511.680
15463.156
15404.332
15331.558
15144.885
15006.466
14784.643
14614.663
14441.313
14298.707
14150.091
14073.979
14001.243
14013.231
14077.353
14173.928
14401.308
14650.109
14879.995
15195.093
15536.646
15820.561
16060.342
16282.960
16464.105
16594.283
16630.760
16616.102
16533.232
16345.252
16212.293
16017.291
15752.513
15536.970
15255.634
15028.132
14806.635
14657.609
14533.941
14429.076
14509.789
14585.992
14767.922
15012.026
15319.956
15716.134
16149.030
