4545.926 6015.377 4031.499
5174.840 6717.170 4833.341
4970.769 6666.570 5300.929
5076.040 6878.841 5669.014
5435.144 7070.602 5958.687
5625.809 7344.434 6397.070
5735.535 7272.793 6393.826
5687.568 6987.140 6238.478
5587.801 7210.031 6385.995
5704.520 7407.545 6427.714
5557.593 7446.268 6283.680
5399.692 7327.346 6198.502
5314.485 7433.627 6247.062
5380.616 7419.399 6367.487
5319.463 7470.133 6380.897
5163.025 7141.542 6219.035
5172.986 7210.425 6257.952
5184.903 7282.033 6432.559
5165.854 7315.710 6521.424
5028.312 7100.210 6368.035
5102.441 7152.143 6449.329
5091.111 7269.071 6681.832
5161.657 7388.292 6650.287
5176.292 7223.165 6476.665
5254.559 7362.142 6603.087
5474.555 7639.963 6701.152
5677.959 7773.095 6813.131
5629.750 7664.252 6609.014
5764.345 7846.974 6675.120
6022.289 8108.661 6721.301
6273.000 8450.308 6766.656
6262.607 8320.927 6630.389
6349.800 8343.234 6603.769
6525.514 8667.951 6771.671
6754.027 9049.212 6899.963
6682.688 8982.367 6711.528
6705.542 9186.093 6756.209
6815.677 9415.545 6779.977
7014.156 9709.561 6812.373
6963.954 9607.570 6680.596
6951.192 9629.546 6674.277
7058.385 9969.769 6731.741
7327.973 10305.852 6833.818
7300.929 10155.052 6616.519
7425.979 10315.007 6553.346
7661.075 10625.003 6643.000
7937.827 10826.669 6753.449
7938.691 10625.266 6509.555
8253.229 10827.348 6676.593
8463.876 11078.915 6801.869
8630.840 11383.141 6883.373
8491.655 11056.809 6762.649
8584.116 11112.875 6851.915
8755.942 11280.276 6927.394
8902.776 11365.983 7119.701
8881.607 11196.115 6997.552
8853.026 11068.328 7125.685
9058.019 11252.032 7279.096
9166.204 11266.190 7471.679
8725.211 10782.869 7247.689
8656.363 10745.779 7140.795
8812.506 10880.891 7265.549
8712.149 10843.517 7197.798
8366.345 10517.940 7055.597
8193.910 10241.419 6943.503
8274.287 10358.148 7091.960
8330.871 10314.010 7081.566
8117.709 9976.341 6914.132
8201.105 10020.865 6916.278
8371.403 10203.356 6938.625
8485.266 10501.875 7076.000
8415.506 10334.772 6913.074
8423.066 10297.154 6765.206
8749.509 10613.991 6962.271
9085.545 10899.410 7106.911
9292.509 10815.291 7078.779
9304.460 10843.518 7082.893
9519.367 11025.728 7328.284
9741.591 11182.448 7498.667
9688.449 10912.094 7410.040
9570.679 10722.697 7417.427
9665.984 10854.509 7618.397
9608.658 10888.331 7831.594
9361.282 10551.847 7811.918
9182.507 10338.039 7772.325
9118.107 10470.374 7922.888
9169.826 10509.606 8085.967
8888.178 10071.176 7894.273
8614.639 9839.184 7891.556
8568.258 9760.042 7926.896
8647.103 9921.992 8172.438
8444.440 9686.618 8028.645
8324.055 9455.199 7830.020
8419.610 9779.249 7985.891
8718.338 10106.588 8232.751
8849.268 10241.919 8293.996
8822.254 10292.312 8097.002
9180.418 10597.155 8284.149
9569.306 11178.268 8481.841
9940.404 11415.713 8442.362
10045.800 11357.176 8436.689
10476.303 11781.242 8750.386
10950.437 12344.712 9266.806
11027.318 12276.618 9495.998
10856.898 11926.829 9418.955
10996.355 12155.868 9737.142
11247.968 12310.709 10025.549
11459.135 12297.998 10281.637
11059.407 11721.864 10050.666
10959.867 11641.272 10103.274
10936.032 11586.027 10370.245
10793.554 11570.116 10492.610
10414.550 11086.100 10110.062
10111.824 10824.296 10039.010
10179.483 10822.682 10125.278
10283.772 10975.500 10341.332
9887.064 10685.316 10139.830
9597.009 10549.095 9776.224
9867.229 10848.159 10028.349
10278.540 11345.591 10040.069
10308.805 11407.080 9726.450
10145.333 11505.845 9394.375
10641.139 12154.331 9582.411
11318.767 12834.813 9777.853
11818.531 13299.041 9749.502
11790.322 13217.308 9482.456
12334.789 13712.454 9793.635
13041.084 14238.554 10150.449
13289.303 14313.168 10131.104
13221.438 14005.831 10079.873
13688.514 14170.882 10433.851
13983.833 14455.427 10910.536
14317.407 14478.474 11099.078
13792.104 13758.019 10922.061
13900.180 13741.513 11250.404
13987.213 13721.286 11537.500
13958.660 13671.809 11632.600
13549.622 13003.821 11261.837
13266.475 12610.047 11388.542
13253.938 12685.402 11594.127
13175.857 12602.203 11684.508
12367.774 11937.457 11106.670
12208.443 11975.628 11136.503
12105.003 11986.555 11179.521
12140.851 12093.504 11412.160
11464.153 11765.708 10834.391
11516.847 12035.752 10845.736
11683.534 12509.685 10924.224
11943.930 13007.711 10989.397
11659.085 12949.667 10659.245
12061.943 13367.229 10795.183
12481.147 13968.491 10960.009
13195.533 14637.146 11191.903
13115.136 14339.821 11040.125
13511.722 14552.791 11115.883
14164.252 15021.419 11541.123
14520.820 15003.923 11711.729
14303.434 14408.632 11479.338
14323.487 14197.772 11615.565
14730.354 14296.998 11939.149
14824.782 14157.696 12225.732
14493.315 13533.096 12145.093
14146.843 12991.731 12012.672
14272.115 12864.140 12371.786
14454.097 12937.606 12675.842
13864.163 12445.576 12353.202
13487.095 11957.690 12084.230
13570.729 11874.095 12153.690
13488.075 11930.439 12193.221
12920.724 11525.079 11798.109
12441.106 11346.562 11429.394
12377.390 11599.299 11462.721
12334.629 11900.672 11533.412
12109.408 11889.952 11165.496
11773.781 11977.336 10916.886
11858.866 12339.419 10963.545
11961.576 12921.212 11034.902
11955.377 13117.659 10883.964
11611.591 13109.688 10626.127
11837.542 13599.908 10753.318
12131.750 14049.036 10904.948
12353.558 14341.497 11035.545
11974.890 13919.711 10671.206
11990.516 14065.773 10641.173
12204.654 14189.381 10893.594
12290.769 14244.872 11067.909
11858.479 13519.360 10684.031
11918.705 13632.874 10826.684
11939.136 13555.977 11053.244
11999.771 13485.385 11193.527
11462.426 12863.564 10834.457
11350.658 12847.814 10997.322
11310.559 12673.534 11060.039
