55.091 67.936
55.116 68.163
54.646 68.413
54.049 67.096
53.709 66.237
54.198 65.649
54.456 66.256
55.772 67.594
57.127 69.317
58.228 70.680
58.419 72.212
59.134 73.440
58.845 72.229
58.796 72.525
58.323 71.872
58.873 72.666
60.569 73.931
62.742 77.062
65.970 80.629
68.328 85.166
71.368 90.053
72.160 94.515
74.236 98.432
75.456 100.475
75.895 101.685
76.702 104.050
76.684 105.996
77.852 106.292
79.165 107.217
80.535 107.929
81.826 110.029
84.523 112.412
85.257 115.099
87.246 118.046
89.990 121.619
89.015 124.779
86.988 125.754
87.085 125.169
87.505 124.543
86.002 123.823
86.176 123.528
88.117 124.655
89.846 125.720
93.852 126.644
96.911 130.845
100.058 131.839
103.895 134.862
106.301 138.435
109.694 140.597
110.579 140.045
111.620 139.239
111.458 140.080
111.232 142.132
111.630 140.361
112.390 140.176
114.695 138.377
116.831 138.557
121.751 137.369
125.073 138.790
127.795 140.433
129.973 141.256
130.107 143.259
130.242 145.548
128.726 146.858
127.753 146.367
126.330 146.059
123.912 143.381
121.693 141.198
121.871 139.660
125.345 140.783
126.180 140.530
132.224 139.920
135.816 140.715
139.251 143.193
141.158 144.630
140.289 146.595
139.840 143.758
138.169 144.223
137.449 142.963
134.790 141.189
130.813 139.997
128.450 137.557
129.539 134.539
130.215 133.878
134.788 131.546
139.440 131.178
145.287 131.335
149.252 134.509
152.463 136.506
151.938 140.356
150.861 140.173
150.383 141.521
148.838 141.029
147.168 137.220
143.869 136.343
142.032 134.062
141.270 132.354
139.596 130.705
141.953 129.601
145.498 127.810
149.252 129.418
152.389 129.840
154.427 131.643
156.120 133.154
157.198 132.873
155.558 133.059
152.890 131.878
150.375 130.198
146.211 128.763
141.036 125.702
138.264 122.651
