10369.181 9764.425 8504.988 12276.529 14985.956
10527.295 9916.683 8559.202 12255.881 15103.486
10481.443 10008.895 8495.189 12121.071 15339.372
10580.808 10061.967 8476.748 12094.944 15599.474
10484.365 9915.273 8558.225 12051.423 15824.444
10532.324 9945.851 8572.271 12193.551 15787.831
10534.652 9778.720 8544.805 12213.479 15817.869
10535.298 9730.054 8484.744 12162.199 15732.408
10486.316 9764.569 8494.912 12272.466 15796.909
10383.019 9715.473 8514.281 12336.294 15880.564
10335.863 9600.423 8476.638 12452.830 15697.540
10356.182 9483.774 8469.117 12339.789 15645.258
10107.716 9470.102 8433.413 12308.398 15616.258
10103.817 9418.693 8439.589 12357.110 15684.799
10029.919 9386.034 8423.537 12283.148 15584.940
10101.085 9312.986 8389.050 12392.411 15644.640
10007.747 9109.501 8465.621 12414.944 15746.929
9988.921 9063.645 8548.374 12475.514 15748.584
10030.792 8977.823 8541.438 12597.024 15905.761
10121.935 9085.042 8590.953 12787.851 15834.104
10203.959 9096.033 8589.621 12890.523 15988.032
10324.994 9133.723 8726.812 13009.314 16159.636
10515.730 9326.068 8803.916 13160.838 16303.806
10720.653 9359.122 8967.660 13374.756 16670.607
10844.553 9555.162 9002.106 13654.226 16811.871
11006.229 9834.884 9179.357 13986.176 17109.150
11245.568 10156.036 9416.386 14179.685 17592.412
11419.087 10448.621 9597.621 14535.963 17790.529
11486.665 10689.643 9737.532 14960.258 18060.045
11582.820 10991.906 9863.074 15108.786 18290.078
11706.999 11271.837 10003.568 15437.670 18461.713
11684.229 11474.987 10153.776 15512.271 18635.803
11725.599 11635.005 10272.129 15660.457 18817.404
11716.541 12053.509 10423.542 15836.554 18892.434
11645.239 12180.635 10533.768 15871.423 18941.867
11521.519 12297.324 10549.611 15859.194 18951.674
11377.349 12522.120 10663.966 15937.211 18749.230
11315.476 12662.889 10740.330 15875.496 18670.502
11222.241 12771.409 10822.733 15828.262 18729.668
11157.821 12693.222 10841.286 15711.550 18675.934
11112.725 12667.908 10801.558 15602.997 18629.260
11031.211 12655.923 10939.389 15361.212 18446.137
11000.506 12474.984 10911.841 15153.771 18227.072
10950.160 12391.933 10916.008 15077.000 18292.236
10828.174 12339.654 10910.489 14859.345 18270.027
10822.299 12123.073 10970.930 14783.654 18349.887
10806.031 11992.952 10984.547 14700.399 18408.723
10811.083 12016.547 11023.191 14699.699 18458.572
10836.667 11952.989 11041.825 14743.623 18444.875
11039.273 11876.117 11210.148 14696.056 18744.402
11074.914 11995.032 11358.967 14720.828 19047.713
11183.725 11950.131 11511.767 14756.280 19254.314
11335.569 11925.589 11627.036 14863.564 19495.008
11532.309 12150.796 11836.105 14876.521 19695.836
11674.427 12177.740 12016.503 15122.270 19981.244
11669.614 12398.467 12179.829 15160.159 20080.426
11829.981 12476.372 12206.318 15191.672 20232.424
11901.686 12525.814 12191.730 15140.753 20123.131
11836.766 12430.973 12276.171 15114.282 20065.420
11787.075 12265.990 12365.895 14895.596 19798.371
11730.765 12160.510 12296.125 14743.516 19497.082
11678.170 11966.199 12220.686 14624.516 19200.609
11560.357 11844.977 11992.976 14510.539 18849.021
11423.562 11693.611 11932.289 14306.272 18464.043
11311.979 11464.744 11918.442 14045.946 18116.379
11178.595 11186.979 11719.814 13825.494 17672.664
10998.253 10986.327 11479.567 13530.311 17317.568
10863.714 10874.746 11148.010 13281.300 17059.521
10720.334 10778.996 11010.580 13071.643 16873.084
10631.775 10683.092 10882.097 12946.645 16682.406
10525.000 10487.946 10735.731 12766.958 16331.866
10439.447 10285.112 10604.562 12712.271 16126.374
10368.963 10213.302 10549.005 12594.451 15947.961
10319.181 10061.934 10502.800 12582.566 15912.102
10372.600 9968.680 10452.007 12664.718 15777.468
10350.087 9960.325 10466.887 12595.676 15862.582
10355.154 9928.804 10542.756 12569.827 16057.092
10388.775 10033.344 10578.452 12568.164 16274.719
10416.828 10101.351 10728.005 12572.131 16593.045
10407.455 10212.430 10937.448 12753.029 16985.250
10441.773 10340.094 11201.386 12864.349 17354.180
10528.468 10598.321 11406.254 13075.763 17559.330
10448.760 10753.521 11656.492 13288.671 17907.920
10545.312 10913.470 11845.050 13385.827 18082.920
10493.958 10984.868 12076.172 13674.471 18339.010
10648.691 11019.226 12261.383 14005.283 18494.623
10585.764 11020.102 12308.350 14150.344 18594.182
10561.372 11066.881 12368.981 14312.616 18533.117
10552.393 10994.184 12428.418 14270.610 18418.832
10604.914 10968.966 12431.247 14385.165 18381.096
10615.294 10878.633 12428.963 14437.612 18194.900
10529.526 10880.908 12374.153 14441.279 17956.148
10499.644 10946.202 12359.898 14320.771 17881.898
10421.228 10827.852 12275.204 14318.914 17637.354
10327.897 10725.608 12046.182 14266.084 17401.207
10210.385 10615.592 11967.099 14085.473 17081.756
10113.380 10490.488 11862.811 13953.656 16838.660
10029.243 10335.540 11738.441 14001.898 16740.607
9931.474 10340.938 11787.540 13872.732 16637.512
9794.059 10210.188 11687.669 13758.003 16491.717
9592.075 10225.496 11625.116 13788.427 16327.821
9701.642 10083.578 11620.809 13763.617 16394.398
9819.099 10055.420 11554.133 13674.603 16569.777
9889.222 10023.533 11542.197 13745.262 16560.621
10009.318 10140.173 11666.702 13867.070 16953.559
10046.960 10199.138 11831.989 13823.716 17177.486
10195.402 10399.162 11973.233 13937.555 17543.252
10283.526 10530.146 12138.183 14051.693 17697.324
10367.984 10613.237 12355.505 14314.262 18081.713
10533.818 10726.394 12594.602 14540.490 18332.287
10641.195 10818.120 12815.835 14672.690 18681.793
10705.631 10979.867 12933.018 14651.999 18933.408
10809.367 11165.408 13227.785 14837.319 19272.328
10936.610 11299.113 13279.416 14939.192 19339.641
11126.224 11464.682 13309.456 15071.362 19458.924
11043.952 11567.128 13305.072 15138.492 19367.119
11115.205 11652.088 13356.216 14829.749 19459.930
11108.174 11885.879 13370.024 14861.276 19584.385
11132.430 11897.759 13332.988 14604.660 19647.646
11176.974 11874.533 13325.888 14448.606 19587.713
11067.803 11786.746 13235.833 14273.193 19489.848
11086.089 11802.604 13099.978 14092.096 19367.348
11100.915 11710.390 12884.229 13920.242 19008.693
11022.339 11741.239 12648.640 13605.546 18939.822
10974.094 11658.458 12571.792 13461.012 18705.291
10930.232 11534.692 12453.884 13442.047 18511.123
10729.195 11427.591 12228.348 13322.103 18108.025
10692.728 11287.994 12105.103 13214.320 17950.688
10691.719 11156.436 11987.370 13071.821 17976.406
10605.571 10975.293 11915.162 13041.125 17779.482
10508.789 10994.576 11846.902 13069.122 17890.090
10401.848 10868.404 11802.012 13016.220 18095.424
10313.391 10758.358 11723.967 12960.047 18027.061
10356.536 10561.619 11777.831 13021.969 18174.178
10263.093 10571.026 11750.484 13194.540 18337.693
10295.547 10573.036 11769.026 13153.809 18601.258
10265.138 10527.927 11889.266 13190.577 18737.578
10266.118 10752.606 11985.700 13188.591 18880.432
10298.012 10842.396 12086.982 13326.457 19074.705
10222.034 11009.211 12153.319 13302.483 19245.936
10269.529 11230.177 12184.646 13394.808 19465.002
10268.299 11335.180 12240.166 13437.935 19489.551
10254.920 11416.873 12219.024 13526.835 19608.750
10360.907 11586.764 12290.075 13476.046 19588.824
10419.050 11558.193 12267.225 13478.557 19519.789
10426.480 11608.486 12069.735 13508.336 19491.723
10480.250 11517.322 12051.896 13320.609 19270.234
10401.597 11504.341 11999.326 13007.598 18973.764
10278.073 11611.901 11938.526 12847.432 18808.518
10236.444 11492.379 11807.769 12813.677 18357.342
10205.698 11552.435 11709.884 12595.287 18231.455
10066.271 11532.589 11428.384 12463.091 17829.752
9899.816 11436.073 11293.028 12330.977 17577.146
9671.159 11263.385 11189.532 12276.264 17118.709
9590.369 11230.295 10968.011 11987.923 16801.311
9411.327 10962.026 10768.899 11833.402 16467.020
9237.103 10689.818 10692.227 11811.103 16010.758
9105.621 10581.004 10584.439 11643.952 15912.362
8996.785 10415.113 10480.530 11400.953 15781.372
8775.937 10322.297 10466.174 11345.397 15753.475
8696.344 10130.057 10408.437 11211.181 15585.756
8633.535 9919.724 10277.266 11111.082 15769.992
8614.681 9702.645 10289.203 11025.187 15886.030
8535.298 9576.036 10217.407 10975.744 15955.937
8463.423 9465.991 10274.220 11100.229 16145.036
8421.247 9413.628 10290.238 11041.389 16038.112
8377.711 9465.175 10202.613 10877.123 16171.248
8315.863 9428.864 10082.731 10950.320 16175.429
8309.073 9531.387 9992.748 10835.072 16256.958
8352.591 9474.061 9945.328 10804.081 16233.006
8233.884 9475.506 9874.278 10958.705 16316.977
8212.318 9520.368 9734.511 11058.183 16390.451
8169.860 9508.572 9589.273 11030.403 16160.848
8093.083 9607.149 9486.640 10886.791 16142.079
8098.091 9590.029 9307.292 10718.626 15996.052
8017.720 9779.541 9245.564 10485.399 15905.073
7895.806 9740.880 9068.751 10301.073 15593.878
7910.652 9856.768 8908.330 10158.868 15348.267
7731.690 9891.044 8732.844 9990.849 15159.232
7737.751 9933.412 8645.985 9906.853 14786.218
7548.990 9865.997 8473.670 9722.573 14417.105
7456.686 9705.915 8350.293 9622.524 14134.054
7315.438 9545.268 8194.331 9401.035 13658.398
7334.021 9397.617 8046.776 9269.122 13528.992
7219.023 9132.410 7911.563 9051.898 13105.703
7178.228 8986.643 7786.469 8828.909 12969.026
7118.052 8711.264 7706.630 8697.190 12731.462
7066.877 8530.940 7660.199 8646.343 12641.475
6948.872 8329.557 7547.565 8493.916 12625.834
6873.426 8227.956 7413.371 8399.059 12500.688
6801.710 8104.849 7353.046 8296.627 12734.269
6744.864 7973.999 7271.519 8162.827 12782.188
6684.127 7879.175 7216.826 8169.300 12821.213
