15590.993 18720.232 19783.775 13271.613 15695.530 17906.432
16026.900 19468.377 20650.521 13236.921 15984.714 18540.225
16462.086 20090.811 21441.385 13461.619 16603.383 18868.402
16424.188 20503.150 21695.744 13236.016 16336.515 18859.223
16552.898 20893.166 21932.979 13585.659 16311.038 19386.398
16400.285 20955.350 22033.818 13583.209 16123.741 19346.457
16078.307 20596.963 22191.619 13360.423 15833.333 19446.037
15755.477 20216.523 22186.420 13176.745 15500.163 19314.121
15343.717 19887.371 21988.246 12807.580 15092.868 19225.697
14635.584 19234.400 21360.336 12243.079 14509.778 18564.166
14337.229 18896.953 20924.857 12044.827 14369.064 18378.775
13882.972 18524.252 20331.088 11898.027 14121.903 18019.100
13492.102 18112.730 19667.502 11495.109 13757.822 17517.912
13166.231 17653.549 18954.979 11099.025 13466.362 17055.646
13022.970 17329.594 18774.814 11031.245 13490.478 16896.814
12927.424 17205.281 18552.271 10866.496 13405.403 16859.949
12719.807 17313.314 18282.988 10503.538 13181.688 16763.428
12634.918 17387.438 18374.545 10387.636 13036.886 16778.117
12665.713 17360.637 18268.184 10199.381 12723.278 16686.025
12696.278 17298.898 18346.990 10037.573 12518.966 16835.584
12614.382 17195.400 18330.484 9998.081 12447.831 16993.941
12693.872 17115.264 18330.727 9708.846 12363.351 16857.217
12868.126 17146.625 18294.629 9575.286 12592.188 17041.627
12924.114 17140.270 18114.820 9430.054 12522.853 17168.375
13160.397 17248.637 18139.400 9350.233 12681.572 17247.342
13391.096 17314.902 18250.484 9242.872 12739.912 17392.639
13481.321 17519.582 18148.895 9128.729 12848.868 17505.035
13639.149 17518.018 18177.383 9012.928 13049.698 17619.287
13808.612 17757.211 18408.070 9049.934 13407.593 17844.811
14032.507 17905.141 18429.977 9082.180 13483.302 17670.150
14198.411 18132.789 18700.932 9140.623 13313.005 17490.914
14434.226 18122.592 18739.709 9133.773 13467.834 17635.947
14608.016 18151.818 18787.018 9235.856 13625.296 17688.158
14738.622 18127.832 18969.938 9119.492 13681.495 17805.223
14805.700 18321.502 19323.604 9226.049 13884.003 18062.680
15007.268 18482.820 19733.748 9223.573 14134.180 18414.254
15108.107 18627.895 19978.250 9259.869 14185.317 18648.199
15348.884 18811.170 20214.936 9365.958 14436.583 18866.410
15411.851 18962.561 20568.715 9382.236 14752.029 19092.641
15436.539 19115.418 20755.943 9553.121 14912.642 19178.102
15559.104 19365.850 20982.887 9838.825 15147.383 19402.207
15789.696 19438.170 21213.854 10057.253 15250.833 19485.631
15862.289 19549.662 21220.029 10163.942 15362.465 19398.133
15988.762 19505.277 21380.129 10340.870 15509.188 19459.805
16131.527 19548.295 21284.672 10477.416 15615.031 19493.660
16145.920 19519.732 21372.314 10517.485 15647.296 19271.047
16173.805 19585.088 21396.887 10654.758 15701.850 19352.236
16229.632 19571.211 21292.018 10695.659 15700.499 19123.625
16337.307 19546.492 21329.797 10889.849 15620.339 19122.879
16262.580 19556.088 21201.223 11017.882 15719.622 18997.018
16207.062 19546.717 21213.775 11155.646 15756.750 18976.871
16399.756 19645.818 21517.051 11184.774 15833.007 19066.008
16343.215 19566.191 21508.805 11154.386 15951.161 19099.797
16440.135 19645.287 21674.697 11164.272 16071.822 19273.186
16456.859 19604.424 21726.199 11119.409 16281.628 19220.533
16574.418 19742.379 21751.672 11385.771 16308.765 19422.686
16757.688 19765.639 21762.377 11324.021 16500.605 19685.805
16937.432 20161.113 21836.727 11578.033 16789.609 19972.051
17117.195 20175.318 21997.930 11548.294 16974.215 19976.352
17325.533 20302.668 21992.893 11798.303 17115.072 20299.410
17606.176 20537.266 22384.939 11902.712 17495.361 20457.738
17668.268 20512.773 22529.510 12122.078 17755.469 20682.244
17944.129 20495.135 22817.957 12534.049 17885.289 20979.854
18118.389 20471.529 22772.369 12626.277 18208.674 21155.914
18233.668 20440.936 22979.266 12888.390 18442.418 21070.076
18252.865 20373.250 23349.473 12925.225 18685.803 21108.357
18359.514 20424.086 23546.137 13504.843 18516.590 21010.107
18199.354 20253.311 23681.934 13436.610 18840.730 20735.754
18044.117 20142.551 23517.510 13353.695 18762.500 20400.555
17852.514 20095.256 23317.455 13288.110 18837.400 20194.084
17712.574 19884.838 23104.855 13123.494 18801.156 19906.133
17460.086 19573.930 22796.611 13121.309 18665.516 19509.586
17141.900 19357.309 22556.594 13197.132 18324.281 19002.945
16871.961 19032.107 22212.373 12879.074 18229.912 18672.416
16560.898 18663.029 21824.113 12861.418 17246.738 18605.910
16294.683 18300.322 21452.166 12780.934 16963.500 18372.359
16077.340 18047.164 21217.357 12728.522 16818.086 18525.271
15953.681 17985.553 20992.994 12676.045 16526.057 18457.125
15882.315 17686.809 20800.947 12474.876 16281.386 18496.840
15680.016 17567.059 20511.445 12407.789 16219.249 18424.979
15567.205 17490.166 20203.807 12323.029 16162.911 18485.229
15525.686 17626.621 20022.033 12346.583 16290.176 18922.383
15630.832 17565.881 19944.711 12297.598 16280.797 19018.473
15828.938 17525.031 20013.881 12248.367 16703.486 19139.459
15905.812 17710.574 20117.113 12239.254 16741.141 19305.322
16159.129 17693.262 20202.473 12321.729 17133.898 19651.826
16653.361 18026.914 20718.672 12522.733 17694.176 20270.725
16848.430 18203.295 21127.014 12797.064 17990.572 20590.869
17201.814 18347.553 21670.572 12828.002 18446.590 20630.861
17644.496 18747.039 22083.447 13118.044 18901.270 20925.086
17939.922 19018.461 22639.994 13422.116 19506.801 21290.574
18274.879 19025.400 23247.471 13611.495 19884.369 21146.025
18311.943 19128.262 23784.174 13990.267 20483.064 21185.057
18562.553 19464.619 24165.740 14267.915 20612.033 21261.205
18670.410 19417.660 24333.268 14695.703 20841.254 21057.857
18597.773 19434.115 24318.596 14881.398 20897.951 20646.025
18506.457 19395.098 24386.393 15164.261 20821.129 20436.822
18307.875 19237.896 24196.107 15110.284 20917.738 19936.582
18140.047 18929.463 23861.564 15511.019 20872.006 19407.684
17836.266 18583.395 23605.680 15644.916 20590.689 19062.910
17536.656 18282.576 23224.572 15570.500 20308.602 18721.029
17298.604 18104.705 22606.984 15450.052 20136.535 18509.934
17224.268 18005.430 22131.143 15318.423 19898.293 18124.723
16919.736 18075.432 21867.160 15194.785 19843.217 17931.148
16711.254 17912.195 21472.715 15137.161 19531.723 17629.420
16436.564 17954.143 20906.367 14977.800 19231.684 17625.420
16122.383 17808.549 20386.668 14714.776 18674.490 17859.197
15973.607 17882.803 20212.732 14664.487 18359.324 18278.900
15969.518 17866.803 20099.066 14567.634 18310.172 18587.818
15878.761 17987.035 19885.723 14481.106 18380.250 19132.293
15900.200 18118.777 19737.566 14461.741 18400.549 19546.592
16039.215 18384.516 19798.879 14575.031 18940.014 20098.836
16372.474 18618.277 19851.771 14418.478 19413.410 20561.939
16637.068 18907.867 20247.574 14424.967 19724.260 21136.215
17121.730 19184.598 20838.791 14839.440 20197.273 21740.668
17525.275 19525.059 21494.566 15041.490 20698.244 22350.414
18163.820 19906.201 22534.820 15299.404 21247.934 22741.535
18647.596 20188.086 23452.717 15573.959 21755.734 23157.998
19195.283 20637.084 24308.594 15821.359 22196.215 23572.402
19625.945 20958.830 25321.119 16202.813 22784.334 23875.479
20129.840 21366.250 26141.830 16821.246 23239.230 23714.275
20378.580 21647.881 26743.791 17348.643 23633.441 23532.102
20605.047 21805.713 26985.484 17821.926 23836.301 23557.357
20959.898 21907.209 27256.082 17978.000 24099.537 23451.350
21047.943 21944.617 27245.535 18248.256 24372.877 23318.809
21124.291 21842.652 27162.701 18333.258 24364.842 23216.107
21224.830 21730.266 26764.193 18251.896 24167.887 22817.789
21040.902 21668.074 26601.639 18266.938 24123.889 22487.359
20857.512 21524.977 26085.164 18120.732 23834.771 21907.924
20554.994 21280.555 25820.842 17887.865 23643.576 21387.404
20193.096 21162.475 25235.068 17521.119 23142.031 21061.756
20157.135 21023.109 24647.730 17259.301 22704.225 20881.824
19840.811 20858.996 23977.094 17001.070 22311.279 20540.332
19446.535 20702.377 23476.215 16697.441 21728.738 20518.463
18940.604 20473.146 23068.682 16170.568 21435.553 20612.346
18750.936 20315.295 22501.531 15741.286 21098.920 20756.520
18680.619 20445.748 22158.803 15449.802 20704.727 20984.141
18589.639 20661.525 21809.838 15418.107 20824.453 21525.598
18195.686 20656.137 21211.902 15100.314 20550.396 21605.938
18182.311 20840.518 20946.357 14973.832 20527.711 22189.551
18136.775 21153.383 20831.281 14982.819 20499.850 22611.303
18107.852 21493.822 20727.414 15086.662 20663.371 23187.537
18383.859 21735.631 20938.213 15092.034 20873.875 23853.719
18671.395 22065.234 20938.117 15140.146 21210.955 24456.973
18972.475 22424.547 21266.252 15382.638 21669.109 24867.213
19554.818 22720.881 21987.262 15615.699 22244.277 25347.508
20112.240 23186.279 22788.332 15754.169 22660.363 25604.473
20663.814 23536.971 23549.693 15946.962 23025.080 25520.393
21373.086 23945.578 24404.689 16142.393 23476.230 25671.578
21930.375 24158.357 25127.734 16222.492 23912.672 25679.879
22326.166 24249.562 25693.576 16817.461 24225.627 25456.670
22787.441 24549.176 26387.414 16946.879 24339.559 25174.221
23061.332 24599.012 26934.836 17196.150 24603.406 24956.475
23234.174 24520.002 27366.779 17264.436 24757.383 24553.934
23268.162 24330.650 27539.994 17287.039 24681.549 24208.969
23250.889 24106.201 27554.096 17184.146 24517.799 23868.555
23202.725 23913.094 27420.121 17226.693 24208.912 23379.061
23051.703 23692.121 26994.184 17341.818 23968.639 22688.195
22797.180 23396.225 26720.689 17252.693 23521.139 22067.049
22482.754 22910.246 26108.590 17155.043 23001.842 21538.861
21958.141 22639.916 25451.553 16855.379 22439.520 21426.711
21435.039 22078.607 24868.299 16741.004 21718.055 20939.652
20910.182 21774.121 24522.367 16476.605 21317.982 20755.613
20509.785 21564.752 24192.844 16169.562 20837.295 20436.998
20054.766 21276.527 23707.188 15728.938 20326.922 20577.928
19589.289 21071.949 23290.508 15368.632 19971.500 20476.994
19154.957 20966.564 22988.258 15111.012 19694.285 20815.166
18786.123 20907.111 22443.484 14888.495 19355.727 20902.631
18347.408 20945.465 22112.729 14691.991 19036.697 21135.570
18069.496 20991.250 22053.535 14797.609 18966.363 21480.037
17824.295 21265.977 21866.760 14708.727 19023.908 22109.943
17773.875 21462.914 21790.217 14475.830 19155.645 22552.322
17749.197 21690.564 21663.227 14593.214 19213.268 22620.141
17925.896 21928.631 21793.973 14666.836 19375.145 23031.992
18124.869 22189.539 22023.932 14821.312 19669.732 23478.486
18455.773 22369.346 22167.447 14931.836 19877.264 23206.598
18911.023 22599.205 22562.184 15335.595 20409.914 23299.123
19244.602 22880.283 22914.682 15551.402 20747.787 23193.434
19807.016 23097.326 23496.076 15884.153 21156.131 23123.506
20128.303 23261.375 23664.424 16283.115 21676.021 23060.043
20568.154 23239.479 24372.057 16575.215 22005.520 22964.846
20984.480 23198.340 25039.830 16844.883 22058.182 22678.699
21191.980 23067.088 25468.105 16974.230 22002.840 22238.777
21309.109 22954.797 25747.338 17174.902 22067.596 22002.289
21499.807 22953.951 26193.359 17228.986 22039.441 21801.643
21471.115 23060.406 26674.725 17168.033 21938.270 21512.408
21395.297 22761.432 27174.158 17122.668 21648.525 21177.449
21317.225 22624.123 27475.637 17070.955 21515.520 21138.680
21076.432 22344.348 27771.953 16832.779 21110.572 20883.199
20817.881 22023.537 27891.094 16535.826 20754.875 20618.271
20393.418 21659.459 27913.480 16297.503 20469.756 20226.432
19983.234 21443.883 27842.021 16009.416 20078.408 20121.340
19542.371 21094.771 27980.309 15846.363 19732.193 20008.186
18952.068 20863.959 27931.217 15613.365 19295.383 19933.502
18493.199 20506.584 27653.797 15466.262 18771.471 19995.457
18111.318 20446.369 27538.826 15328.194 18494.336 20170.596
17777.969 20284.951 27291.588 15094.157 18215.164 20542.771
