15069.087 10660.424 13252.667 15051.754 11674.693
15850.457 11095.359 14128.902 16228.981 12526.185
17108.438 11689.581 15241.892 17935.570 12846.543
17904.627 12247.058 15656.220 18643.949 13171.425
17870.506 12864.447 15854.165 18990.777 13397.656
17954.262 12816.733 15844.099 19095.006 13593.453
18023.787 12980.372 15829.711 19508.334 13599.683
18017.236 12994.274 15450.094 19206.477 13594.155
17646.953 12722.753 15285.593 19012.592 13417.164
16907.482 12403.387 14736.971 18462.637 13036.771
16791.678 12335.902 14487.272 18350.648 12896.455
16343.755 12155.302 14299.752 18121.764 12633.972
15940.472 11853.969 14074.087 17713.043 12407.126
15559.421 11523.901 13752.828 17442.939 12031.114
15030.624 11131.514 13354.443 17202.934 11604.190
14784.725 10760.742 12995.391 17008.094 11204.310
14226.054 10591.781 12694.087 16620.977 11008.628
13793.677 10334.355 12421.684 16092.816 10561.904
13631.293 10111.153 12085.532 15865.704 10319.289
13301.430 9870.190 11800.376 15613.227 10028.405
13220.346 9770.476 11681.100 15378.351 9875.878
12990.625 9510.138 11450.847 14998.580 9718.812
13006.214 9321.345 11225.267 14757.917 9601.302
13079.243 9208.955 11054.153 14630.368 9550.882
12886.557 9014.958 10870.935 14387.937 9442.208
13015.247 8935.711 10759.354 14207.864 9485.892
12828.606 8829.029 10588.593 13955.014 9207.873
13153.882 8995.171 10578.412 14024.928 9289.372
13159.517 8876.241 10616.001 13899.915 9245.710
13333.197 8886.279 10587.716 13986.156 9238.558
13399.490 8877.624 10640.357 14057.901 9217.630
13440.606 8831.831 10586.726 14063.761 9089.011
13802.052 8941.408 10862.364 14326.028 9242.577
13812.573 8957.265 11026.268 14149.748 9261.681
13857.236 8964.062 11272.214 14213.907 9258.407
14077.999 9103.882 11493.167 14194.847 9340.643
13895.801 9110.847 11570.114 14105.263 9372.000
13967.352 9212.205 11924.833 14149.906 9531.925
13995.717 9166.248 11941.878 14093.658 9426.059
14219.597 9168.926 12151.636 14364.938 9550.135
14177.718 9199.621 12266.781 14532.352 9570.147
14096.415 9238.061 12478.684 14456.875 9617.492
13966.650 9224.055 12442.146 14703.729 9622.734
14073.047 9237.031 12584.897 14887.845 9757.218
13964.692 9232.812 12653.148 14864.220 9595.751
13953.512 9236.101 12680.436 15021.351 9673.416
13807.963 9107.773 12519.003 15014.094 9682.905
13899.395 9180.917 12611.514 15080.996 9729.036
14012.748 9173.534 12660.041 15327.212 9777.562
14010.152 9124.534 12750.322 15444.731 9848.627
14029.736 9057.500 12633.838 15588.000 9953.574
14067.019 9073.442 12688.635 15740.831 9932.498
14269.641 9068.632 12696.888 15999.690 10003.328
14447.747 9100.097 12824.156 16279.776 10170.981
14575.905 9021.090 12858.500 16371.567 10268.111
14592.124 9019.700 12918.260 16598.221 10278.208
14917.456 9154.961 13244.356 17153.070 10534.360
14832.953 9160.029 13407.527 17442.844 10647.479
14829.705 9135.724 13651.038 17760.523 10715.379
14871.155 9152.878 13888.387 17904.602 10798.863
14961.610 9208.564 14211.189 18107.404 10940.258
15014.767 9297.418 14718.395 18387.746 11194.216
14836.207 9336.545 14983.584 18676.398 11410.564
14805.428 9331.259 15176.446 18654.549 11472.271
14722.467 9319.768 15416.851 18759.926 11495.663
14530.269 9324.522 15597.735 18845.625 11494.185
14326.712 9333.430 15808.875 18955.211 11556.590
14038.194 9316.592 15783.848 18835.943 11349.171
13879.479 9374.165 15995.757 19098.146 11432.110
13624.411 9405.818 16040.158 18997.232 11439.680
13340.748 9429.779 15851.047 18815.805 11243.271
13078.104 9304.842 15664.406 18513.514 10902.489
13079.197 9456.659 15585.821 18628.229 10830.068
12777.243 9464.062 15334.435 18497.412 10654.840
12744.430 9519.257 15295.193 18544.508 10562.974
12538.530 9398.359 14989.320 18416.994 10637.976
12703.062 9385.939 14979.577 18564.480 10730.688
12722.566 9370.315 14941.824 18515.602 10713.584
12866.768 9305.591 14743.729 18455.203 10723.486
13018.319 9316.451 14620.717 18261.131 10748.220
13456.744 9520.011 14617.174 18617.396 10993.300
13685.653 9643.931 14556.531 18798.744 11079.854
14019.435 9799.504 14769.107 19393.418 11557.690
14329.609 9725.988 14742.448 19600.080 11518.166
14641.708 9902.441 14960.262 20270.039 11836.144
14842.993 10021.576 15168.367 20798.768 12179.790
15109.119 10174.423 15460.101 21694.936 12406.321
15170.653 10351.364 15581.494 22130.625 12591.144
15365.809 10535.566 15870.730 22713.057 12812.551
15450.310 10715.863 16255.277 23331.807 13105.761
15345.695 10765.955 16525.225 23614.240 13248.151
15096.732 10757.685 16660.779 23640.477 13298.378
15005.393 10765.422 17024.156 23520.121 13220.790
14950.520 10851.589 17228.711 23463.859 13123.084
14830.745 10863.584 17745.094 23901.506 13194.605
14363.541 10777.083 17681.592 23498.070 13040.831
14335.413 10716.648 17868.799 23400.068 13016.405
14035.523 10783.331 18076.527 23316.754 13118.810
13721.115 10907.224 18280.953 23150.918 13167.983
13462.129 10754.189 18275.139 22744.596 13018.107
13392.557 10752.939 18273.320 22560.975 12898.707
13389.901 10784.447 18388.443 22397.375 12911.713
13227.963 10765.403 18262.076 22196.016 12745.038
13200.741 10684.128 18044.102 22206.895 12844.360
13326.499 10636.035 17867.676 22599.045 12830.666
13725.083 10640.174 17856.309 22895.785 13046.999
13903.200 10593.377 17541.824 22931.451 13145.669
14304.720 10905.732 17392.182 23159.207 13503.825
14522.217 10943.046 17121.088 23473.268 13631.216
15052.117 11207.130 17183.605 24146.934 14124.128
15604.401 11362.352 17215.740 24931.961 14563.807
15703.260 11322.376 17084.748 25462.715 14986.460
15820.489 11393.203 17138.438 26033.723 15429.688
16417.996 11653.751 17734.455 26942.883 16123.145
16920.727 11856.033 18052.521 27608.674 16598.584
17182.387 12244.000 18418.439 28445.246 17188.871
17086.273 12223.714 18348.973 28617.260 17372.639
17347.973 12598.682 18995.789 29486.730 18067.299
17294.701 12616.188 19522.205 29821.719 18500.195
17269.473 12778.127 19865.402 30018.293 18656.506
16848.385 12625.139 20174.504 29558.184 18512.611
16784.107 12915.412 20755.648 29286.488 18717.629
16685.113 12939.000 21102.146 29189.961 18730.584
16602.092 12913.966 21526.861 29066.889 19046.367
16199.864 12802.505 21674.176 28309.387 18962.559
16025.396 12838.615 21934.055 27998.711 18819.729
15814.380 12745.757 22059.518 27575.803 18560.711
15622.996 12599.395 22242.953 27532.029 18210.879
15253.921 12410.536 22391.281 26686.283 17722.527
15062.174 12314.978 22343.518 26352.184 17527.750
15011.877 12155.283 22216.133 25834.369 17267.512
14990.043 12136.679 22366.762 25719.936 17321.211
14886.833 11937.522 22108.465 25209.650 17326.061
15118.068 11993.999 22073.111 25218.326 17439.814
15250.618 11980.521 21975.746 25157.273 17304.223
15597.102 12161.542 21907.625 25442.029 17622.973
15872.512 12158.693 21610.598 25639.635 17899.668
16268.038 12353.585 21666.490 26089.414 18416.145
16656.941 12481.285 21588.529 26755.205 18641.688
17083.256 12803.210 21567.301 27364.746 19288.920
17365.771 12797.409 21438.773 28209.053 20033.689
18103.154 12989.734 21525.480 28967.148 20787.246
18472.234 13179.635 21546.750 29565.895 21516.854
18801.748 13408.010 21709.609 30278.139 21911.518
18963.311 13389.430 22027.365 31177.549 22633.668
18970.264 13469.020 22153.402 31520.965 23049.797
19241.299 13615.140 22488.783 32152.098 23466.799
19062.895 13544.844 22868.865 32215.924 23628.572
18838.963 13563.457 22990.904 32173.861 23782.916
18471.848 13371.244 22979.441 31887.227 23647.771
18276.957 13337.369 23226.855 31651.320 23516.748
17796.824 13287.669 23321.424 31031.482 23324.459
17568.729 13246.070 23589.324 30856.818 23318.658
17020.049 13129.061 23388.297 30021.123 22810.156
16697.094 12918.470 23234.369 29528.480 22238.533
16557.166 12811.737 23064.605 28880.279 21785.346
16351.812 12695.292 23018.957 28419.260 21570.217
15895.984 12499.152 22553.561 27852.609 20911.396
15588.572 12337.636 22559.596 27321.023 20541.102
15405.475 12080.958 22411.076 27047.221 20141.756
15314.991 11893.294 22335.414 26829.111 20000.076
14977.122 11617.253 21808.135 26197.900 19677.557
14978.343 11777.320 21925.588 26188.475 19426.484
15175.864 11715.506 21969.582 26359.158 19556.576
15309.276 11684.262 21917.029 26278.498 19250.115
15389.833 11529.750 21621.143 26221.561 19118.521
15797.420 11682.579 21353.865 26611.762 19261.539
16142.432 11906.130 21396.520 26975.854 19316.592
16439.318 11970.230 21451.602 27494.553 19858.342
16758.207 12187.809 21496.771 27955.199 20375.943
17078.861 12255.390 21375.799 28247.885 20678.715
17494.312 12566.431 21725.236 29035.959 21017.781
17838.422 12745.101 21971.508 29655.842 21478.674
17981.854 12929.167 22035.480 29976.104 22181.264
17917.502 12870.546 21956.559 30232.811 22052.889
18025.688 13187.805 22047.504 30731.477 22703.609
17890.688 13350.585 22049.160 30773.740 22914.873
18133.492 13395.078 22404.721 30964.840 23378.080
17910.195 13588.803 22297.070 30718.686 23472.326
17855.047 13698.627 22399.938 30930.436 23508.959
17514.652 13649.351 22392.371 30639.191 23235.020
17399.184 13834.209 22524.217 30295.197 23303.930
17005.543 13612.217 22126.436 30254.779 22812.238
16824.691 13553.419 21668.033 29695.787 22526.445
16523.078 13433.945 21198.617 29173.154 22164.705
16459.402 13497.805 21186.666 29120.982 22085.146
16268.596 13205.665 20685.662 28285.502 21498.004
16223.169 13352.319 20679.326 28084.285 21059.555
16013.257 13150.523 20561.312 27797.730 20885.764
16007.818 13329.797 20518.410 27649.773 20684.740
15707.189 13269.307 20285.598 27216.725 20110.791
15615.938 13179.381 20410.039 26783.695 19684.115
15681.186 13126.898 20025.641 26244.422 19352.115
15865.548 13016.591 19895.980 26055.387 19109.723
15670.217 13030.692 19647.766 25863.906 19047.461
15825.173 12967.464 19447.930 25780.260 19104.822
15836.894 12959.330 19489.586 26065.977 18942.133
15974.885 13185.188 19442.611 26203.273 18773.484
16170.858 13382.002 19267.193 26354.047 18807.551
16374.424 13323.385 19139.336 26562.330 18793.469
