9270.455 11809.767 11349.724 11574.994 8592.967 7476.725
9266.328 12114.319 11630.249 11672.777 8773.722 7540.431
9513.851 12574.782 11990.548 11882.619 8887.662 7582.601
9575.252 12814.535 12195.854 11949.709 9062.394 7487.838
9661.278 13123.063 12491.038 12084.306 9237.195 7533.584
9917.452 13306.035 12855.826 12117.228 9372.929 7559.747
10141.734 13636.009 13074.095 12112.455 9624.062 7712.064
10402.886 13622.531 13159.573 12172.557 9741.964 7811.976
10745.735 13892.154 13440.157 12355.623 10032.615 7916.024
10866.548 13680.111 13233.333 12305.822 9946.600 7911.113
11383.979 14029.199 13506.599 12540.808 10165.583 8196.713
11562.743 14109.117 13584.952 12576.339 10264.561 8235.104
11775.972 14084.048 13658.299 12524.336 10361.200 8354.796
11884.797 14028.103 13584.812 12635.521 10407.240 8446.300
11876.228 13847.361 13505.210 12653.925 10343.212 8335.147
11987.272 13730.641 13314.280 12649.213 10338.440 8271.830
11917.453 13598.926 13083.303 12556.978 10079.252 8177.257
11810.102 13395.143 12849.314 12419.707 10044.511 8124.905
11509.717 13168.927 12418.754 12305.103 9964.573 8040.637
11446.915 13008.845 12240.510 12182.770 9820.046 7978.918
11431.507 12919.651 12050.997 12200.806 9669.745 7889.744
11202.095 12604.085 11586.255 12061.872 9508.638 7822.348
11158.998 12478.009 11436.058 11996.772 9471.878 7774.502
11001.837 12489.132 11231.321 12001.997 9426.096 7794.276
10775.601 12388.868 11173.329 11840.722 9365.185 7787.847
10582.393 12373.661 11005.507 11722.333 9478.148 7799.990
10390.886 12472.399 11138.537 11821.653 9590.882 7869.060
10443.645 12720.260 11332.170 11854.866 9821.603 7910.820
10404.474 12997.480 11538.946 12072.373 10022.521 8016.922
10518.419 13310.011 11834.208 12072.584 10366.896 8000.041
10640.697 13528.156 12169.862 12108.379 10747.528 8272.100
10919.687 13848.265 12526.961 12556.691 11160.206 8414.524
11255.085 14137.211 12952.491 12692.339 11457.848 8541.452
11621.479 14533.964 13420.183 12954.280 11761.710 8707.996
12076.452 14670.819 13833.790 12981.204 11994.519 8874.984
12602.110 14842.216 14143.694 13118.396 12221.179 8909.355
13050.585 15068.431 14358.596 13306.212 12307.849 9086.261
13459.850 15086.411 14411.640 13469.149 12189.853 9086.152
13855.429 15011.038 14459.017 13535.735 12497.440 9205.119
14069.855 14820.777 14292.383 13467.133 12504.505 9164.518
14336.834 14615.101 14060.014 13419.192 12297.521 9060.266
14460.695 14513.840 13891.970 13328.289 12206.426 9153.532
14413.016 14249.345 13510.755 13237.125 12012.568 9068.291
14299.828 14062.604 13239.312 13221.160 11734.133 9030.208
13994.563 13612.696 12761.606 13073.027 11682.000 8947.623
13739.104 13374.856 12405.673 12858.122 11477.722 8798.502
13364.343 12950.999 11777.878 12559.146 11124.537 8658.828
13174.192 12810.633 11555.396 12612.230 10931.423 8738.361
13071.572 12850.286 11436.757 12426.225 10760.407 8583.997
12746.647 12781.150 11321.859 12312.864 10774.625 8688.313
12475.056 12565.194 11073.695 12127.594 10858.275 8670.765
12383.871 12859.474 11093.604 12484.229 10913.061 8926.181
12203.814 13067.893 11199.464 12475.974 10992.890 8970.855
12146.981 13562.717 11513.643 12744.282 11161.951 9033.678
12031.539 13903.683 11834.920 12767.872 11464.248 9011.986
11902.777 14353.129 12365.736 13052.987 11770.623 9178.945
11849.194 14867.553 12873.236 13270.631 12142.046 9268.242
12106.169 15314.247 13464.859 13472.789 12568.404 9508.909
12246.587 15697.146 13917.450 13689.108 12968.520 9828.396
12595.188 16122.262 14396.857 13853.475 13437.531 10122.241
12950.607 16384.908 14736.569 14016.084 13891.084 10459.078
13356.913 16599.309 15022.695 14101.654 14343.183 10748.812
13646.493 16662.148 15250.130 14185.099 14552.575 11051.322
13985.099 16703.707 15303.414 14277.365 14754.951 11161.859
14402.922 16658.779 15249.497 14270.597 14898.812 11379.596
14672.382 16359.586 15214.715 14300.726 14942.096 11582.597
14891.497 16007.654 14904.059 14274.921 14805.824 11770.999
14979.770 15583.933 14482.643 14047.105 14732.266 11825.734
15183.602 15245.969 14272.314 13930.706 14715.682 11951.781
15203.725 14895.425 13853.859 13702.320 14468.441 11915.750
15173.631 14520.830 13493.480 13534.888 14041.693 12026.229
15046.435 14099.977 13128.489 13402.502 13845.031 12130.245
14659.308 13754.104 12810.101 13308.040 13694.491 12129.202
14495.100 13476.319 12462.448 13130.489 13423.005 12062.952
14376.325 13208.923 12118.217 13064.343 13171.291 11891.562
14086.294 12976.969 11761.957 13165.919 13005.765 11820.417
13865.938 12878.709 11545.352 13227.249 12923.158 11772.074
13590.329 13028.857 11425.207 13369.332 12897.601 11767.782
13399.021 13181.271 11474.366 13378.936 12922.843 11718.517
13204.169 13517.854 11651.323 13539.249 12975.516 11663.739
13073.735 14097.195 11905.244 13631.298 13036.354 11743.805
12975.209 14548.176 12149.235 13650.844 13210.389 11794.521
12965.562 15022.976 12619.958 13731.624 13566.878 11853.323
12932.409 15552.555 13019.472 13808.976 13855.202 11973.556
13238.213 16209.160 13624.466 13914.354 14106.183 12171.125
13304.548 16555.770 13921.273 13896.837 14319.130 12332.888
13575.423 16858.078 14404.254 14113.884 14707.921 12534.485
13885.571 17195.883 14774.779 14132.972 15004.566 12510.040
14160.083 17319.455 14941.078 14065.688 15171.133 12720.827
14503.775 17353.043 14956.988 14092.020 15411.674 12961.855
14684.432 17184.064 14935.031 14177.516 15479.222 13098.512
14955.163 17015.408 14728.787 14183.723 15426.093 13256.538
15147.153 16575.002 14403.152 14163.336 15270.814 13310.343
15569.315 16410.600 14360.686 14282.273 15334.884 13320.926
15533.711 15895.138 14055.310 14176.674 15078.992 13230.152
15555.997 15270.196 13638.652 14041.637 14837.214 13185.536
15680.707 14846.998 13246.677 13995.661 14799.786 13235.376
15582.666 14512.324 13050.738 13873.626 14414.586 12924.252
15433.337 13870.482 12572.449 13694.547 14236.943 12804.680
15283.349 13478.071 12179.420 13632.995 13779.528 12631.204
15079.379 13128.685 11841.265 13623.128 13541.038 12544.644
14801.816 12784.726 11516.222 13745.459 13302.612 12570.757
14172.595 12195.926 11068.437 13216.751 12808.015 12116.945
13939.499 12158.558 11056.845 13348.509 12828.896 11974.955
13882.602 12257.649 11035.877 13344.140 12824.146 11893.920
13797.079 12432.594 11021.951 13315.002 12638.773 11713.179
13307.606 12408.824 10976.609 13137.204 12733.663 11465.396
13389.504 12731.520 11196.366 13176.234 12696.539 11311.073
13462.511 13207.103 11520.331 13228.023 12975.393 11310.837
13626.020 13748.576 11823.908 13248.838 13038.099 11294.590
13888.487 14321.110 12253.899 13367.082 13290.567 11171.129
13929.392 14768.131 12533.503 13330.224 13534.948 11075.020
13893.513 14982.942 12645.516 13176.854 13593.977 10910.449
14053.993 15184.891 12794.466 13314.524 13835.124 11040.773
14334.036 15515.372 13002.357 13382.073 13902.168 11232.602
14235.942 15213.088 12795.975 13105.558 13747.313 11078.387
14476.754 15224.058 12834.804 13231.388 13992.263 11266.169
14632.086 15279.599 12762.209 13423.399 14095.060 11556.594
14879.838 15157.431 12751.944 13475.310 14082.114 11626.549
14963.372 14907.305 12603.618 13441.879 13901.125 11677.643
15067.636 14560.584 12300.706 13347.245 13763.052 11860.113
15266.091 14283.249 12034.313 13247.503 13671.948 12038.324
15291.447 14070.668 11875.789 13398.722 13703.665 12323.348
15065.735 13558.468 11417.490 13330.586 13454.308 12127.097
14795.801 13126.275 11184.356 13102.312 13263.147 12104.481
14589.575 12677.934 10869.050 12990.184 13000.511 12129.818
14395.819 12358.130 10577.919 12767.661 12588.756 11853.228
14011.736 12117.885 10315.955 12794.492 12552.562 11952.659
13467.138 11567.444 9962.186 12590.660 11955.221 11715.783
13064.322 11250.455 9674.394 12398.510 11646.661 11515.162
12881.669 11094.368 9604.167 12438.963 11351.567 11404.382
12726.631 10969.021 9596.031 12429.747 11069.243 11305.825
12743.559 11141.499 9696.518 12488.846 11142.099 11359.013
12606.020 11265.174 9905.934 12508.233 11266.565 11370.780
12597.259 11382.287 9971.133 12465.712 11354.138 11383.290
12285.902 11250.889 9960.512 12080.854 11025.534 10816.478
12333.774 11409.792 10101.165 11889.246 10927.780 10752.596
12400.368 11603.530 10339.507 11939.354 10852.293 11067.134
12378.933 11837.416 10594.541 11826.123 10737.634 11054.732
12463.136 11982.053 10720.747 11620.122 10627.212 10949.677
12451.637 12170.331 11016.116 11490.846 10500.896 10810.989
12409.953 12120.488 10919.022 11225.052 10401.089 10621.561
13068.658 12740.014 11471.753 11594.585 10886.507 11290.470
13031.120 12656.094 11357.732 11321.766 10603.707 10999.622
12956.229 12461.484 11153.243 11100.836 10559.070 10961.333
12910.302 12514.345 10915.799 11057.788 10566.452 11065.102
