63.181 49.912 58.853
61.105 50.814 63.255
64.255 51.212 63.316
62.771 52.734 59.948
62.302 52.017 58.591
60.799 53.344 56.004
59.580 51.908 54.185
56.655 53.187 53.717
55.040 52.289 51.170
53.192 52.968 50.701
51.580 51.756 49.123
50.424 52.549 47.411
48.680 53.615 46.329
47.634 53.015 44.411
46.259 52.716 45.013
46.215 52.798 45.862
47.615 55.154 47.577
49.979 59.324 49.066
51.901 61.910 50.434
54.002 63.302 53.519
55.597 64.242 54.989
55.879 66.657 55.888
55.825 70.710 54.850
57.166 71.951 54.300
58.990 72.907 55.603
59.542 75.482 56.053
59.659 75.723 56.018
61.073 77.897 58.343
64.234 81.945 60.708
67.409 83.475 63.498
72.530 87.472 65.380
78.694 92.629 67.347
80.920 95.599 67.312
85.407 97.199 69.317
88.949 100.670 69.182
90.065 104.342 65.499
87.717 103.238 63.243
87.043 103.213 61.729
85.691 104.436 61.617
86.057 103.971 60.241
83.101 103.674 62.286
81.946 101.281 62.500
79.992 103.176 65.152
82.867 107.147 66.546
85.142 110.940 67.001
87.064 115.376 66.599
87.771 119.849 67.491
88.309 125.694 66.974
88.602 129.244 66.140
88.860 131.281 64.080
89.762 134.211 62.139
89.355 133.947 60.004
85.719 131.043 58.598
80.989 126.633 59.087
81.300 123.397 58.341
80.989 119.354 58.788
80.258 117.766 60.236
79.722 118.791 62.113
80.984 121.458 62.705
84.558 124.354 62.725
85.693 129.147 58.759
87.401 131.534 59.192
89.410 135.457 57.769
88.985 134.790 53.721
88.422 133.118 51.894
88.336 132.560 50.324
86.821 130.178 49.160
85.034 125.778 46.770
81.531 121.490 44.375
77.762 116.543 44.463
76.912 114.302 43.438
78.322 112.744 44.119
80.484 113.385 44.383
83.870 112.667 45.325
87.883 116.792 44.939
89.570 119.223 46.163
93.065 120.150 45.012
96.434 123.295 43.462
98.814 125.808 41.758
97.167 124.415 40.732
97.610 119.131 40.302
96.904 119.271 40.184
95.233 115.426 39.548
92.822 112.351 37.801
93.951 109.658 38.037
94.183 104.574 39.226
92.850 100.445 39.723
91.292 98.600 40.459
