3848.159
3677.925
3675.947
3722.630
3761.717
3626.801
3524.888
3575.808
3525.231
3518.181
3364.310
3518.181
3312.485
3289.163
3230.847
3141.730
3119.061
3083.841
3058.112
3026.000
2987.078
2964.088
2930.620
2924.082
2922.190
2837.158
2834.186
2806.668
2847.313
2874.611
2872.824
2946.245
2986.377
3140.749
3216.383
3237.902
3263.478
3340.725
3424.840
3486.904
3526.870
3513.451
3460.046
3535.890
3624.033
3611.730
3551.990
3545.376
3526.905
3542.599
3590.328
3614.709
3628.372
3672.349
3846.548
3885.720
4028.864
4083.319
4185.818
4291.937
4355.696
4434.020
4441.662
4486.785
4624.170
4637.763
4610.249
4616.988
4601.464
4647.889
4561.101
4515.051
4377.743
4247.270
4198.157
4155.861
4033.447
3968.824
3938.614
3985.615
4068.433
4112.263
4161.800
4231.235
4417.083
4514.561
4559.388
4548.890
4643.688
4794.198
5079.925
5102.947
5055.479
5074.562
5053.952
5145.342
5116.674
5001.391
4939.106
4805.020
4912.416
4853.580
4758.783
4682.368
4698.981
4812.980
4758.296
4774.955
4850.961
4933.642
5130.490
5268.493
5375.865
5547.842
5789.485
6102.958
6117.283
6211.039
6335.053
6450.409
6506.705
6414.375
6284.824
6292.618
6279.524
6179.666
5893.483
5818.230
5718.012
5766.330
5653.750
5373.833
5250.324
5258.500
5313.144
5234.643
5191.171
5252.482
5370.066
5508.355
5486.814
5532.049
5715.793
5859.682
5872.582
5815.917
5782.386
5797.178
5842.669
5795.574
5539.191
5482.025
5428.560
5283.625
5155.318
5035.157
4854.464
4795.382
4805.514
4665.398
4522.416
4500.560
4563.594
4595.407
4501.510
4555.655
4574.397
4684.472
4727.277
4636.515
4675.237
4778.146
4762.561
4797.439
4782.294
4780.285
4850.995
4855.195
4733.232
4573.781
4500.242
4530.517
4383.342
4318.192
4256.060
4283.174
4245.229
4206.507
4108.781
3989.015
4005.086
3948.784
3947.535
3941.610
3927.966
3961.920
3902.739
3827.299
3751.795
3708.537
