13139.159 15966.552 18586.580 14864.089 13233.941
12977.170 16239.920 18665.387 15046.864 13441.377
13192.172 16021.527 18682.070 15113.038 13206.041
12717.252 16233.959 18635.916 15075.028 13144.765
12612.840 15918.755 18707.217 15263.058 13046.021
12550.998 15983.271 18877.646 15165.226 13001.176
12391.981 15888.463 19279.871 15471.533 13000.610
12169.311 16083.736 19537.562 15509.878 13003.881
12203.821 16182.437 19818.402 15709.484 13160.395
11728.376 16127.392 19767.955 15779.729 13441.487
11658.253 16117.104 19758.957 15654.457 13599.284
11234.772 16115.140 19648.230 15638.020 13412.240
11024.513 16069.467 19626.047 15747.772 13565.964
11061.487 16164.072 19570.928 15775.615 13551.704
11104.575 16095.623 19388.168 15756.942 13749.014
10761.711 15904.152 19252.256 15759.389 13724.649
11085.187 15677.925 19255.199 15786.554 13471.906
10971.186 15459.190 19053.107 15666.872 13351.524
10680.830 15304.576 18911.547 15668.910 13507.856
10506.167 15166.284 18986.631 15415.494 13745.392
10555.792 15146.710 19011.170 15477.814 13682.889
10465.049 15169.229 19119.271 15345.627 13893.079
10580.158 15230.621 19323.523 15438.022 14190.044
10613.240 15216.221 19675.264 15569.291 14504.729
10740.668 15617.648 20187.957 15866.825 14649.449
10867.270 15967.814 20816.400 16242.815 14815.726
11298.590 16570.516 21547.107 16707.965 15227.181
11484.838 16852.271 22010.779 17110.549 15619.423
11956.186 17421.119 22626.740 17590.092 16212.800
12044.123 17854.938 23381.354 18161.318 16478.592
12178.938 18350.840 24168.139 18712.375 16694.652
12390.003 18740.453 25023.713 19392.244 17235.248
12564.688 18601.373 25412.273 19661.482 17779.615
12740.079 18895.047 25760.771 20208.330 18364.256
12817.771 18944.332 26074.164 20422.480 18681.615
12914.269 18992.039 26221.889 20769.836 18833.174
13019.276 19209.992 26293.820 21112.336 19002.576
13051.271 19035.244 26446.344 21505.783 19118.143
13219.649 19162.061 26652.648 21644.883 19418.361
13272.965 19194.926 26610.176 21894.375 19341.701
13208.041 19001.512 26467.359 21896.561 19490.064
13363.775 18753.732 26478.100 21778.129 19718.379
13232.938 18620.203 26107.377 21445.662 19912.191
13134.861 18504.271 25697.951 21611.016 20013.051
13407.548 18340.191 25459.977 21177.945 20292.434
13528.386 18369.047 25138.006 20967.787 20390.920
13620.130 18252.096 24855.301 20926.459 20482.828
13559.459 18321.008 24728.812 20647.658 20858.094
13670.559 18498.256 24866.193 20469.150 21266.254
13778.390 18752.520 24945.588 20382.463 21817.926
14066.027 19110.191 25132.469 20556.570 22264.586
14485.832 19619.961 25397.762 20769.984 22970.721
14858.846 20050.826 25894.867 21270.018 23635.244
15057.124 20733.570 26980.613 21626.846 24323.410
15701.984 21738.910 27683.473 22052.633 25030.773
16144.454 22420.916 28388.039 22605.100 25671.500
16492.787 23286.889 29033.742 23064.760 26441.537
16714.236 24182.295 29774.400 23662.314 26981.217
17272.061 24901.695 30312.900 24394.430 27266.027
17597.074 25516.012 30913.453 24616.881 27969.977
17353.125 26202.729 31258.984 24967.430 28305.252
17518.152 26700.352 31706.723 25355.314 28680.248
18167.182 27044.961 31496.721 25677.084 28525.650
18310.432 26855.799 31299.934 25916.471 28312.693
18166.662 26635.754 31038.885 26080.619 27883.314
17935.156 26584.955 30799.941 25784.857 27737.771
17900.535 26334.570 30169.006 25642.293 27424.420
18026.857 26059.529 29523.605 25593.701 27065.787
18159.283 25705.625 28914.738 25442.621 26856.246
17325.867 25492.508 28294.963 24880.885 26150.441
17231.592 25258.471 27710.717 24659.965 25767.285
17056.938 25258.979 27425.926 24147.990 25525.295
17268.041 25115.539 26946.594 23551.371 25356.459
17245.178 24925.432 26427.145 23162.598 25042.459
17265.430 24892.412 26125.848 22926.615 24995.717
17527.475 24593.029 26177.904 22723.537 25083.828
17710.027 24872.408 26510.105 22835.656 25270.998
18150.533 25302.691 26901.428 22905.350 25670.127
18321.631 25618.553 27383.117 22657.328 26189.977
18960.248 26309.035 28319.205 22973.564 26929.674
19772.529 26931.322 29089.945 23488.584 27880.797
20603.834 27686.754 30099.160 24229.746 28763.859
21465.809 28408.328 30694.633 24780.436 29411.500
22259.723 29262.676 31396.934 25836.922 30647.840
22939.973 30151.914 31955.555 26772.465 31331.357
23616.623 30833.174 32549.004 28016.170 32232.605
24112.254 31701.238 32999.496 29550.934 32809.574
23875.092 32574.084 33361.496 30591.260 33219.938
24271.676 32830.633 33250.109 31722.152 33534.609
25069.119 33247.598 33250.727 32648.354 33905.703
25315.049 33107.805 33491.227 33262.527 34146.699
25496.684 32576.955 33118.234 33711.379 34219.785
25408.209 32106.418 32836.559 34299.078 34063.418
25093.094 31285.740 32191.773 34582.449 33733.750
24890.445 30995.521 31445.795 34415.684 33270.586
24668.750 30530.957 31026.195 34607.863 32632.973
24728.836 30182.061 30440.656 34626.312 32191.389
24237.641 29441.906 29501.861 33923.902 31340.322
23685.592 29025.018 28980.404 33641.340 30783.223
23359.463 28702.887 28257.951 33323.340 30191.531
23322.904 28655.982 27610.465 32434.020 29840.055
22904.652 28002.906 26852.482 31641.918 29091.705
22005.916 27767.404 26144.529 30962.773 28579.205
21871.463 27714.488 26060.176 30358.541 28380.500
21925.344 27720.555 26048.244 29866.043 28383.881
21995.904 27877.016 26502.984 29560.531 28843.264
22097.312 28085.756 27139.156 29271.385 29061.744
22427.633 28166.027 27776.154 29389.699 29859.602
23066.865 28747.365 28463.896 29845.586 31067.963
23473.713 29371.299 29171.299 30522.338 32259.117
24036.064 29966.391 30343.096 31078.559 33130.977
24376.787 30370.215 31503.482 31871.621 33820.094
25016.695 31240.568 32493.582 32858.980 34931.473
25867.299 31507.848 33228.594 33744.539 35826.406
26583.727 31395.086 34091.031 34775.453 36395.871
26864.602 31707.041 34396.188 35913.363 36949.742
27345.223 32210.109 34481.641 36846.578 37438.020
27463.029 32221.854 34642.109 37708.156 37338.617
27513.693 32446.787 34722.051 38255.910 37067.176
27675.494 32495.191 34044.707 38634.289 36857.352
27122.025 32273.797 33856.809 38742.359 36462.777
26943.729 32073.295 33534.078 38786.926 36173.504
26619.676 31969.941 33490.020 38365.734 35575.344
26035.020 31554.623 33039.984 38406.543 34774.457
25545.834 31283.162 32515.104 38594.086 33950.590
25080.418 30687.004 31838.332 38153.039 33737.891
24624.730 29977.639 31299.713 37414.082 32568.742
24217.797 29350.752 30643.736 36309.141 31758.102
23600.090 28951.932 30394.605 35720.426 30776.340
23253.715 28368.072 29874.891 35055.078 29751.287
22746.877 28175.523 29884.674 34688.418 28825.297
22515.984 28184.719 29936.979 33914.043 28465.225
22250.904 28101.764 30008.846 33299.879 28075.240
22108.113 28047.100 30438.312 33114.797 27737.762
22114.572 28013.451 31041.824 32840.246 27955.434
22287.150 28130.596 31622.105 33089.305 28248.613
22780.789 28655.975 32371.990 32848.254 29029.486
23396.742 28952.801 33402.922 33070.449 29718.873
23887.230 29410.449 34595.828 32877.777 30993.738
24515.422 30119.328 35637.379 33034.398 31976.732
25348.627 30935.725 36673.672 33316.133 33399.305
25601.643 31529.121 37544.008 34282.617 34298.238
26164.977 32148.297 37910.809 34621.703 35341.363
26766.713 32711.250 38185.633 34983.078 35899.820
27269.713 32966.715 38528.543 35973.789 36592.328
27288.908 33218.488 38770.312 36825.203 36873.281
27343.404 33391.453 38681.594 37541.711 36755.984
27538.844 33304.168 38497.711 37826.789 36628.445
27780.463 33212.195 38124.098 38231.176 36430.785
27572.977 33147.434 37543.902 38583.367 35682.070
27730.141 32979.258 36877.539 38686.199 35257.109
27237.592 32702.947 36208.871 38554.102 34575.078
27048.404 32464.766 35471.492 38199.039 34413.805
26592.738 31857.953 34861.531 38203.855 33652.207
26002.611 31501.826 33991.551 37241.203 32887.285
25532.459 31241.398 33431.465 36379.664 32255.965
25097.021 30905.205 32756.225 36136.750 31656.318
24475.662 30400.225 31822.652 35424.906 30825.598
24045.477 29803.697 31189.092 35013.953 29998.102
23780.607 29779.506 30731.498 34653.301 29410.033
23354.357 29283.201 30379.615 34231.055 28758.678
23009.143 29078.055 30141.770 33761.562 28342.391
22565.836 28740.506 30094.324 33016.695 28200.334
22344.111 28500.037 30693.639 32704.229 28367.826
22574.188 28777.242 31202.986 31978.316 28732.158
22681.473 28934.266 31920.105 31609.135 29112.084
23168.670 29133.326 32590.918 31031.086 29860.520
23846.131 29336.146 33381.836 30882.547 30460.721
24371.377 29846.893 34214.328 30923.850 31299.641
25129.031 30266.502 35012.250 31295.998 32444.564
25574.314 30764.879 35924.168 31739.738 33130.910
26062.797 31342.916 36331.305 32400.047 33864.770
26389.828 31886.359 36906.195 33360.094 34356.367
26628.137 32309.850 37482.922 34028.574 34825.180
26770.893 32378.463 37563.977 34895.785 35340.016
26877.445 32772.023 37756.000 34940.961 35581.691
26615.873 32735.904 37806.820 35129.492 35535.730
26358.844 32892.152 37573.176 35355.820 35599.777
26323.590 32677.818 37522.828 35754.590 35797.625
26204.135 32632.744 37096.613 35512.309 35819.836
