9914.001 16092.167 16806.438 9976.695 8352.924 12513.514 12658.118 8756.679
10117.658 16601.332 17275.557 10377.751 8442.867 12949.939 13175.119 8714.521
9757.671 16449.869 16921.652 10324.197 8191.816 12660.007 13109.289 8252.759
9893.517 16663.117 17417.912 10879.545 8253.992 12748.973 13506.183 7977.372
10169.378 16842.904 17789.617 11290.086 8240.937 12487.682 13616.108 7829.073
10473.515 17075.900 18242.951 11615.952 8390.013 12361.392 13851.286 7843.437
10504.588 16721.020 18193.443 11754.108 8387.349 12117.783 13614.919 7562.522
11042.045 17213.430 18368.332 12212.748 8806.989 12516.179 14096.221 7615.475
11173.736 17594.000 18560.068 12322.801 8894.632 12962.531 14396.300 7387.095
11153.459 17692.967 18205.590 12389.344 9243.716 13610.934 14669.104 7360.474
11428.217 18332.074 18711.549 12966.762 9656.688 14529.257 15384.435 7321.611
11165.015 17906.965 18204.146 12479.113 9604.632 14443.525 15012.163 7044.098
11383.489 18138.359 18321.229 12783.858 9895.159 14886.478 15246.551 7012.286
11435.327 17762.656 17989.535 12807.922 10085.864 14766.549 15261.430 6674.033
11510.495 17871.979 18509.965 13045.627 10203.147 14642.256 15373.509 6665.077
11734.457 17867.646 18984.957 13329.124 10063.539 14073.286 15205.095 6361.804
12792.014 18749.262 20253.801 14404.737 10779.104 14321.242 15808.001 6551.927
14324.028 20258.141 22614.066 15999.671 11585.823 14781.799 16604.273 6793.646
15492.871 21552.820 23942.293 17395.715 12154.624 15111.782 17039.668 7204.188
16995.461 23833.285 25917.586 19028.098 13027.346 16255.318 18229.260 7634.618
18018.602 25428.596 26630.805 20165.742 13175.548 17297.262 18882.596 7834.312
18933.275 27126.979 27422.145 21317.660 13536.712 18637.146 19906.789 8159.806
18999.434 27716.027 27061.549 21570.607 13561.541 19431.629 20012.363 8467.771
19010.152 28385.779 26691.389 21499.652 13415.598 20159.977 20170.320 8698.917
17989.467 27199.871 24945.002 20689.365 12954.492 19699.359 19270.006 8491.957
17705.234 26736.766 24269.414 20481.824 12904.706 19764.963 18937.580 8416.278
16779.404 25642.521 23414.727 19670.221 12614.573 18956.699 18136.652 8160.262
16284.542 24476.748 23374.857 19246.008 13266.523 17946.955 18131.172 8249.407
16750.008 24558.578 24561.797 19703.896 14011.476 17338.686 18496.801 8444.319
17393.799 24309.768 25446.332 20355.885 14831.730 16483.523 18516.688 8586.579
19505.734 26461.871 28240.754 23310.139 16083.723 17069.314 19908.188 9365.811
21305.131 28154.820 29716.584 25771.355 16939.451 17802.715 21143.867 10181.222
23831.867 31596.756 31672.350 29687.570 18054.082 19953.744 23119.100 11593.385
24989.297 33887.859 31802.658 32141.805 18518.705 21470.656 24034.844 12225.308
25735.691 35802.168 31660.639 33779.773 18892.646 23136.385 24259.045 13366.253
25548.145 36946.371 30811.861 33795.227 18219.836 24282.801 23971.734 14072.054
24063.791 36034.957 29024.629 32360.248 17497.539 23962.381 22896.930 14111.296
23236.484 35496.641 27710.486 31056.699 16944.092 23738.305 22208.043 13960.446
21423.381 33297.277 25829.529 28441.000 15824.113 22118.436 20856.104 13084.992
20723.398 32347.254 25229.736 27109.658 15338.193 21236.211 20556.939 13464.985
19357.059 29823.484 24538.725 25278.654 14865.946 19649.584 19917.367 12838.054
19760.373 29215.027 25886.133 25477.758 15943.458 19167.299 20898.270 13148.598
20953.721 29169.844 27761.400 26852.279 16988.406 18843.652 22139.199 13760.650
22474.018 29976.025 29660.461 28913.510 18521.057 19146.039 23600.564 14980.479
25390.848 32712.836 32019.223 32783.148 20464.141 20566.355 25886.730 17172.271
27004.963 35021.016 32297.846 35512.930 22111.436 21978.789 26809.451 19140.822
28620.777 38785.484 32802.207 38075.527 23726.801 24428.836 27912.031 21948.420
28181.623 40175.141 30976.104 37814.809 24213.188 25785.654 27073.492 23354.770
28359.951 42372.477 30507.990 39093.855 24767.521 27766.887 27436.777 25320.541
26021.174 41079.477 27871.152 36976.988 23421.025 27477.113 25594.830 25494.945
24806.512 40624.898 26784.541 35777.812 22829.236 27659.707 24614.973 26116.654
22926.523 38053.133 24912.250 32643.877 21435.299 26298.625 22562.049 25323.527
21789.066 36529.957 24364.756 30972.201 20726.943 25294.109 22307.502 24937.900
21064.527 34048.367 24049.713 29033.492 20418.830 23608.166 21989.486 24437.057
21035.926 31704.154 24741.674 27326.641 19902.283 22414.209 22298.643 23487.498
22726.184 31109.529 27088.727 28025.096 21151.750 21855.693 23794.602 23977.906
24811.410 30927.947 28417.525 29559.531 22841.863 21452.941 25496.746 24602.027
28389.488 33836.863 31508.270 33995.969 26436.373 22645.184 28284.090 27267.471
30209.203 35975.113 31667.645 37452.133 29159.830 23880.195 29287.689 29333.549
31959.084 40269.773 32817.832 41479.508 32563.627 26078.020 30288.484 33016.930
32215.287 43464.879 32134.170 43191.660 34600.254 27968.891 30332.029 35852.336
31647.541 46485.082 31351.350 44071.570 35739.586 29475.414 30245.785 38414.320
29931.262 47442.832 29772.324 42918.758 35018.582 29989.496 28494.930 38999.410
27310.551 46541.152 27643.914 40666.324 33235.141 28988.646 26592.512 38352.484
25935.018 45816.352 26361.449 38963.137 32607.895 28197.359 25746.791 37894.113
23984.322 43296.480 24639.520 35805.527 31002.242 26245.695 24269.367 35876.641
23599.703 42224.672 24641.650 34272.969 30546.455 25467.600 24571.602 35174.242
22677.760 38810.602 24187.018 30778.498 29163.467 23493.543 24360.799 33015.980
23893.520 37798.508 26020.643 30393.270 29905.307 23407.490 26013.586 33287.871
24741.139 35991.082 27290.629 29862.559 30386.961 22627.699 26985.324 32350.553
27364.953 36917.031 29367.904 33284.465 33630.215 23885.072 29208.172 33905.918
29812.383 38803.969 30737.334 37591.676 37410.699 25501.883 30652.746 36122.211
31687.486 41939.391 31176.244 42443.953 41903.777 27565.094 31426.303 39298.344
32374.299 45545.305 31030.729 45375.562 46072.801 29598.424 31587.547 42206.582
31700.719 47583.004 29748.221 46793.469 48047.480 30904.834 30888.195 43867.930
31233.682 49524.504 28640.951 47387.945 48740.270 31874.406 30431.830 44727.852
29430.303 49612.520 26950.807 46647.930 47806.922 31471.213 29174.146 44624.152
28098.895 50079.520 25627.277 46399.734 47078.758 31382.645 28214.795 44367.535
25811.699 47750.254 23400.598 43742.352 45302.246 29500.773 26620.738 42248.047
25315.930 47470.176 23512.500 42909.973 44446.160 29235.143 26860.141 42411.953
23997.840 44802.793 23109.172 40041.152 41980.699 27684.240 26551.289 40520.059
24511.088 43817.027 24450.303 38499.473 41003.871 27338.449 27882.330 40274.621
25472.371 42927.895 25583.475 37416.172 39711.582 26770.510 29090.523 40617.629
