11515.862 15672.577 9501.786
11695.173 16159.650 9585.555
11828.736 16626.695 9902.117
11687.531 16055.396 10038.409
11851.999 16313.557 10041.151
12002.284 15941.557 9939.860
11700.391 15609.119 9752.002
11670.994 14822.786 9610.693
11375.856 14020.811 9338.962
10900.860 13125.292 9079.605
10738.154 12949.741 8999.564
10586.770 12566.305 8724.301
10297.051 12111.174 8627.675
9919.700 11619.123 8467.320
9570.241 11151.335 8289.408
9328.582 10700.573 8093.075
9177.546 10397.346 7971.875
8964.079 10174.006 7883.943
8795.373 9955.964 7746.970
8822.369 9813.435 7564.341
8641.979 9664.842 7445.998
8649.074 9536.986 7342.419
8573.190 9445.242 7205.563
8510.637 9310.364 7188.887
8376.677 9232.001 6992.066
8460.204 9147.037 6869.181
8375.918 9138.660 6688.843
8354.360 9153.031 6672.452
8376.530 9235.157 6653.038
8415.227 9311.688 6696.782
8557.049 9363.188 6618.826
8546.673 9313.033 6551.203
8541.945 9379.611 6477.390
8531.898 9302.492 6441.316
8661.577 9564.486 6478.059
8682.735 9707.026 6559.288
8758.215 9837.549 6588.025
8868.783 10153.604 6659.890
8957.105 10018.679 6738.750
9132.386 10110.888 6863.186
9188.667 10241.805 6987.116
9367.537 10341.334 7161.037
9450.246 10575.001 7307.356
9601.896 10670.453 7328.661
9658.378 10906.218 7344.463
9641.450 10835.736 7361.315
9616.438 11031.318 7534.721
9697.600 11125.277 7475.930
9706.035 11205.437 7478.144
9760.420 11266.792 7478.525
9971.649 11385.000 7455.333
10069.074 11724.188 7473.819
10132.953 11930.185 7535.474
10425.064 12119.516 7659.534
10436.642 12243.252 7570.478
10634.034 12495.026 7599.677
10750.352 12903.999 7687.993
10980.866 13288.867 7770.320
11053.272 13556.853 7796.462
11361.693 13871.303 7894.680
11637.023 14117.173 8059.204
11810.162 14564.217 8105.945
12092.873 15084.365 8235.549
12241.195 15210.378 8330.981
12233.457 15042.855 8388.051
12276.301 15065.839 8444.881
12435.068 15145.009 8509.344
12506.335 15274.001 8503.649
12547.686 15215.311 8585.094
12593.060 15390.372 8726.668
12660.332 15410.468 8782.648
12771.073 15182.189 8740.128
12776.222 15091.452 8738.926
12994.907 15009.668 8758.397
13144.894 14797.881 8737.995
13109.708 14610.347 8648.959
13283.646 14648.390 8619.861
13346.147 14692.756 8591.791
13605.304 14686.476 8683.525
13628.239 14284.798 8636.367
13786.223 14098.765 8575.324
13993.279 14194.469 8549.580
14127.246 14082.588 8583.209
14089.030 14221.426 8627.701
13994.825 14243.423 8640.608
14128.395 14084.736 8674.415
14261.472 14117.255 8753.103
14136.702 14183.918 8904.204
14334.068 14588.225 9027.454
14126.773 14673.130 9297.812
14124.445 14985.942 9512.052
13957.641 15254.023 9687.746
13775.387 15265.053 9887.263
13560.299 15535.667 10081.877
13582.839 15695.906 10305.990
13584.421 15741.150 10457.745
13509.800 15877.620 10537.260
13417.466 15919.043 10574.521
13147.076 15856.727 10630.672
13212.027 15834.334 10700.603
13257.459 15957.787 10611.800
13152.418 15749.659 10442.621
13211.443 15516.469 10361.425
13396.412 15613.599 10232.820
13587.564 15349.439 10165.065
13787.072 15142.657 10082.570
14095.765 15045.460 9962.706
14397.862 14913.056 9807.278
14828.233 14782.431 9769.844
15175.772 14739.027 9688.189
15607.260 14385.351 9673.687
16008.547 14207.223 9834.803
16250.637 14077.204 9899.101
16477.074 14165.986 9747.948
16739.078 14466.084 9904.576
17069.076 14481.224 10035.229
17319.311 14601.658 10281.688
17311.670 14651.277 10622.889
17325.375 15158.074 10859.366
17375.941 15589.363 11106.476
17389.312 15673.219 11433.933
17297.756 16180.563 11389.621
17097.465 16405.492 11481.459
17033.705 16884.289 11540.816
16945.771 16949.225 11559.887
16931.098 17441.010 11739.400
16669.059 17670.342 11768.372
16480.664 17856.396 11748.249
16184.382 18191.703 11597.879
16088.866 18295.184 11497.521
15984.501 18167.238 11413.532
15715.236 18235.893 11287.604
15559.340 18110.389 11196.862
15705.157 18216.268 11327.291
15851.654 18204.848 11115.062
16058.196 18199.443 10966.891
16184.965 18195.369 10999.047
16615.029 18358.887 11058.741
16987.291 18172.293 10793.816
17331.160 17480.789 10742.022
17564.572 17428.520 10510.697
18142.016 17681.652 10471.456
18227.031 17504.629 10574.979
18358.875 17647.408 10555.935
18611.404 17728.879 10578.407
18589.049 17809.449 10599.137
18583.086 17999.561 10592.651
18649.221 17916.447 10747.888
18749.416 17918.164 10947.885
18667.145 18077.896 11151.372
18679.967 18336.215 11338.101
18799.057 18755.820 11530.546
18571.986 18616.822 11654.885
18201.072 18821.936 11745.061
18000.730 18981.754 11747.290
18019.254 19371.035 11922.299
17626.637 19675.857 11711.531
17312.291 19590.801 11662.058
16944.033 19472.748 11617.721
16634.062 19419.752 11535.228
16403.754 19381.996 11394.531
16040.635 19274.301 11150.658
15971.550 19255.125 10972.974
15891.535 18943.580 10995.954
15923.369 18877.623 10634.003
15980.437 18497.145 10485.406
16036.734 18341.359 10393.744
16191.872 18206.238 10212.286
16285.822 17925.504 9999.798
16603.518 17894.035 9839.158
16821.129 17972.348 9983.484
17084.629 17559.998 10023.683
17336.994 17896.688 9956.612
17652.021 17997.475 9788.163
17598.133 18343.828 9774.007
17630.910 18420.395 9651.937
17706.715 18547.479 9506.316
17723.674 18681.896 9503.996
17618.906 18575.752 9751.294
17362.648 18792.465 9961.175
17350.328 18886.074 10145.614
16974.361 18844.641 10245.124
16812.850 18698.943 10346.079
16636.000 18745.355 10528.592
16243.725 19209.924 10496.626
15905.856 19105.709 10573.013
15808.391 19021.541 10525.934
15533.230 18962.814 10638.059
15465.074 18294.318 10392.574
15182.110 18101.709 10156.105
14828.434 18164.504 10007.723
14586.412 17980.725 9939.556
14522.532 17866.139 9734.853
14377.416 18263.883 9649.883
14247.568 18296.459 9621.956
14226.638 18279.199 9484.178
14083.253 17985.131 9252.383
