56.000 53.491 74.059
56.590 52.218 74.322
56.362 51.210 75.388
54.602 51.798 73.571
51.486 48.408 70.271
47.912 46.616 70.803
44.263 47.339 68.467
41.460 44.202 65.989
40.366 41.260 65.083
40.853 38.711 62.505
40.973 38.282 64.091
42.288 39.847 69.792
42.912 39.975 73.190
43.709 39.242 75.853
44.772 40.545 79.117
45.666 43.768 81.858
45.555 45.044 82.214
46.365 48.217 83.874
47.030 50.199 85.650
47.508 51.854 87.525
46.039 54.850 89.838
45.888 57.091 92.618
45.937 59.387 95.849
46.152 61.456 101.102
48.096 65.334 107.308
51.439 69.448 114.879
55.701 73.610 122.533
61.213 78.567 126.940
66.612 84.090 131.255
70.922 88.504 133.932
73.408 91.157 134.575
72.011 93.436 135.764
72.105 93.805 133.140
71.073 92.313 131.603
70.125 90.766 131.934
69.087 90.992 130.990
67.570 92.723 132.582
68.343 96.115 138.432
68.858 98.978 143.821
71.051 103.008 147.862
75.414 108.599 151.287
78.911 110.839 151.389
82.582 114.005 152.163
82.885 113.670 152.116
85.123 112.738 150.137
85.916 111.823 147.849
84.803 111.302 143.020
83.656 108.423 139.539
83.344 106.325 137.739
82.090 108.008 138.126
80.270 110.122 138.922
79.459 116.262 140.764
80.842 122.047 143.991
85.055 127.054 148.500
92.888 132.926 151.272
99.034 137.362 153.605
106.554 138.610 155.132
111.558 139.325 155.195
111.496 136.304 152.001
109.886 133.942 148.959
109.500 132.915 143.148
107.331 130.314 140.726
106.002 126.537 138.420
103.036 126.932 136.717
99.890 132.124 133.137
98.558 138.280 134.269
96.186 144.340 134.861
97.950 151.737 138.229
103.929 156.633 141.711
111.883 163.087 142.467
116.953 165.527 143.120
125.425 162.713 144.613
131.555 159.604 143.183
133.042 156.606 139.645
134.296 152.797 136.310
133.146 145.712 130.904
133.750 139.922 127.555
130.228 134.803 123.833
126.099 134.137 121.704
122.211 138.000 118.535
120.111 145.946 117.679
116.717 153.260 119.351
117.160 157.798 119.072
119.208 162.095 122.162
124.707 165.540 124.683
131.088 165.551 122.741
139.243 162.971 124.359
145.049 159.868 125.842
148.375 153.185 125.104
149.101 147.205 123.398
149.285 139.507 120.666
149.749 131.341 117.118
147.828 127.019 112.035
144.904 123.269 107.800
141.712 125.695 105.975
137.201 131.585 106.911
132.470 139.116 108.909
131.105 148.537 113.082
132.909 155.372 114.072
135.731 161.056 117.791
140.228 163.397 121.327
141.346 161.373 120.243
141.248 158.845 121.150
144.222 154.464 119.501
147.088 150.897 115.707
146.172 146.139 112.215
147.050 138.726 107.815
145.776 133.897 101.931
145.243 131.620 99.626
142.849 128.318 96.337
140.809 128.085 95.062
