13020.678
13307.528
13352.936
13285.678
12980.208
12672.903
12415.748
12373.050
12156.839
12064.574
12034.495
12069.494
12238.662
12242.518
12259.581
12308.863
12303.696
12195.845
12081.457
12073.258
11818.154
11755.259
11516.318
11511.228
11236.600
11089.449
10801.370
10694.014
10487.040
10555.342
10553.939
10515.249
10544.896
10604.194
10859.833
11216.027
11340.357
11503.218
11856.577
11828.780
12133.831
12270.484
12540.917
12693.408
12829.165
12919.541
12978.255
12911.316
12627.013
12713.483
12810.121
12754.052
12536.373
12508.205
12570.940
12654.844
12466.900
12739.604
13009.146
13307.758
13436.399
13929.344
14115.910
14212.925
14530.974
14500.815
14547.831
14524.040
14521.627
14413.674
14276.199
14219.787
14021.326
13842.029
13577.766
13556.376
13443.833
13426.008
13209.185
13044.591
13398.123
13537.494
13606.603
13668.177
13965.438
14482.003
14816.091
15235.672
15500.261
15670.651
15811.507
15944.589
16111.379
16236.188
16040.331
15822.439
15448.432
15331.498
15354.934
