12760.406 21055.512 16573.180 16631.459 11160.611
12700.638 21088.750 16639.561 16660.709 11135.496
12692.154 21331.875 16670.615 16671.443 11058.901
12808.367 21487.795 16694.721 16888.141 11090.004
12739.641 21744.625 16890.066 16910.209 11061.649
12723.799 21983.314 16977.533 16837.066 10921.542
12788.689 22308.670 17167.482 17064.973 11040.090
12880.862 22600.742 17383.455 17316.273 11010.511
13059.551 22998.535 17580.582 17558.172 11006.740
13125.160 23099.713 17604.146 17847.635 11105.758
13247.682 23319.430 17781.061 17961.436 11172.412
13146.473 23447.959 17696.645 18153.496 11101.168
13198.935 23368.119 17743.207 18204.996 11086.682
13242.666 23364.955 17646.490 18317.258 11004.659
13359.738 23156.053 17674.467 18501.699 10853.102
13500.186 22936.191 17479.494 18741.162 10908.114
13579.137 22760.061 17572.467 18823.154 10855.293
13636.772 22517.510 17684.240 18812.754 10720.957
13600.897 22134.131 17548.016 18893.088 10547.570
13686.961 22071.852 17443.629 18940.902 10465.291
13742.664 22061.922 17412.355 18980.053 10359.569
14034.450 22100.348 17653.783 19151.389 10390.171
14160.002 22015.986 17533.486 19324.537 10330.372
14464.926 22307.127 17810.822 19410.564 10337.900
14721.684 22656.221 18209.615 19593.709 10394.237
15313.574 23077.234 18802.020 19945.320 10664.246
15857.912 23694.799 19408.850 20371.896 10798.734
16276.620 24397.705 19904.869 20741.740 11109.104
16715.887 25048.314 20435.273 21249.420 11398.814
17110.527 25846.059 21283.342 21708.520 11671.969
17576.209 26388.684 21827.402 22051.939 12011.255
18027.732 26993.488 22518.336 22358.480 12217.104
18436.377 27512.340 23063.248 22720.906 12496.191
18736.873 27968.631 23270.377 22877.678 12698.905
19137.963 28262.400 23617.627 23075.805 12876.212
19552.127 28399.902 23949.732 23166.660 12914.429
19706.730 28252.812 24313.736 23251.285 13049.958
20094.055 28008.238 24513.881 23112.666 13080.104
20352.066 27613.570 24537.395 22729.947 13142.617
20321.273 27313.000 24404.914 22627.309 13205.607
20365.137 26655.012 24738.660 22484.572 13075.126
20411.145 26285.771 24737.242 22263.807 13051.121
20425.918 25629.830 24596.930 22059.994 12866.240
20414.385 25170.189 24470.338 21674.910 12762.981
20458.754 24608.170 24178.822 21461.182 12659.598
20515.572 24299.869 24013.174 21336.486 12484.239
20513.195 23771.434 23883.645 21293.953 12490.774
20360.318 23618.453 23783.400 21464.838 12263.417
20681.457 23676.035 23961.342 21480.033 12458.303
21362.721 23673.508 23864.543 21643.172 12428.607
22000.143 23675.125 24256.748 21970.920 12582.902
22553.672 24291.055 24614.277 22276.543 12819.145
23336.447 24980.221 25038.998 22716.467 12841.071
23701.432 25675.332 25719.289 23097.676 13175.663
24613.773 26540.395 26487.480 23704.588 13526.336
25330.922 27348.854 27060.639 24470.291 13805.270
26252.344 28188.322 27805.916 25172.273 14052.019
26791.482 28714.131 28365.291 25783.516 14581.486
26898.584 29012.400 28805.012 26199.395 14867.527
26950.102 29422.479 29124.201 26296.961 15200.407
27175.674 29671.191 29502.902 26556.559 15505.942
27285.342 29441.820 29581.178 26747.717 15845.652
27348.236 29052.807 29938.270 26548.402 15903.061
27291.969 28250.426 29827.629 26541.314 16072.323
27175.004 27796.758 29378.035 26578.475 15929.861
27155.391 27333.596 29187.020 26394.725 16327.337
26835.549 26745.072 28687.408 26160.355 16364.574
26316.154 26000.223 28363.854 25743.621 16441.539
25893.004 25479.922 28139.572 25114.273 16456.053
25173.875 24904.016 27512.730 24404.715 16327.465
24826.113 24313.963 27101.225 24138.217 16240.517
24195.703 23566.410 26723.344 23866.217 16408.957
23694.494 23173.861 25944.273 23465.996 16244.451
23448.734 22898.014 25698.342 23278.570 16121.134
23188.795 22652.645 25448.627 23012.332 15950.448
22982.182 22702.607 25494.193 22853.775 16121.710
23011.527 22801.432 25721.932 22980.111 16326.184
23333.053 23308.965 25980.883 23397.486 16749.676
23739.871 23974.818 26307.682 23736.857 17141.305
24229.918 24684.402 27042.434 24596.645 17894.492
25228.607 25884.201 27971.180 25286.045 18687.551
26024.689 27026.006 29196.785 25954.689 19545.957
27037.393 28320.807 30417.029 26757.711 20167.814
28208.537 29457.396 31443.617 27491.715 21188.873
29227.238 30177.549 32502.627 28086.088 22298.096
30203.248 31077.412 33875.957 28414.309 23517.410
30877.143 31826.197 34503.367 28785.566 25002.797
31221.816 32814.543 35412.965 29083.883 26043.201
31548.680 33043.129 35796.105 29246.289 26952.514
31618.354 33269.480 36050.781 29455.176 27801.801
31743.166 33310.770 36318.098 29450.139 28396.727
31476.051 33180.617 36229.816 29290.852 28602.166
31445.967 32872.688 36427.020 29018.842 29041.848
31092.680 32382.312 36529.270 28469.439 29127.996
30507.201 32143.494 36359.246 27864.281 28756.902
30141.244 31373.016 35820.164 27416.904 28497.004
29703.080 30526.590 35079.672 26803.236 28225.068
28943.168 29649.463 34484.625 26239.078 27910.209
28320.203 29058.965 34007.367 25702.316 27685.008
27936.688 28318.547 33203.086 25181.637 27560.545
27325.547 27823.895 32629.914 24817.564 27235.994
26667.189 27308.637 31831.477 24619.668 26940.633
26257.627 26932.605 30956.311 24404.348 26581.590
25933.152 26981.096 30451.266 24543.670 25985.311
25809.152 27155.793 30108.234 24617.035 25518.861
26036.549 27498.527 30023.258 25035.285 25417.387
26436.281 27791.789 30090.113 25415.318 25213.107
27251.195 28544.527 30658.133 25915.193 25816.217
28301.059 29260.277 31694.453 26722.102 26580.346
29583.307 30404.428 33059.652 27437.420 26928.668
30928.576 31580.488 34275.945 28168.020 27654.311
32470.785 32448.314 36058.875 29364.914 29383.402
33778.191 33348.219 37905.500 30393.643 30852.150
35018.504 34304.379 39535.715 31388.297 32523.891
36020.406 34886.840 40677.797 31959.924 34240.508
36850.598 35345.273 41879.586 32219.277 35183.816
37352.145 35060.488 42792.473 32444.627 36026.352
37560.336 34962.148 43428.605 32441.109 36730.668
37963.555 34728.117 43668.781 32334.180 37276.801
38000.773 34249.172 44045.105 32189.582 37659.160
37954.535 33544.309 44124.875 31616.168 37697.832
37522.781 32663.957 44078.305 31204.844 37937.227
37164.785 31945.553 43698.797 30798.262 37755.613
36499.910 31395.014 43456.703 30191.631 37298.117
35885.949 30910.359 43160.086 29589.949 37196.184
35259.914 30359.094 42882.043 28994.678 36818.859
34636.527 30138.859 42109.367 28216.279 36162.066
33739.914 29539.453 41258.117 27530.287 35673.352
33107.559 29120.139 40353.520 26857.729 35190.906
32173.205 28947.098 39638.250 26100.043 34206.477
31536.699 28770.895 38985.230 25582.184 33592.965
30725.096 28801.879 38288.633 25331.314 32911.352
30121.615 28940.316 37682.066 25009.691 32222.762
29839.779 29280.365 37004.508 24996.547 31971.092
29768.422 29764.357 36644.375 25095.344 32154.402
29984.086 30480.027 36410.523 25448.359 32193.246
30472.414 31302.717 36460.016 26068.912 32318.525
31301.963 32013.758 37087.109 26892.002 33087.703
32235.893 32531.850 38002.664 27712.809 34100.312
33551.602 33362.227 39206.191 28624.139 35619.367
34663.469 34237.324 40484.363 29518.848 37221.133
35904.773 34559.492 41817.918 30502.711 38951.734
36936.781 35210.816 43353.691 31385.727 40421.758
37937.984 35468.629 44441.344 31975.254 41704.875
38686.309 35654.527 45780.062 32360.039 43015.352
39157.004 35779.891 46611.168 32552.223 43787.836
39404.855 35456.066 47244.531 32559.004 44495.543
39462.281 35108.805 47757.238 32484.809 44728.113
39461.414 34576.184 48001.336 32231.375 45423.332
39129.320 33906.629 48173.051 31667.928 45553.016
38757.457 33363.859 47830.430 31201.086 45463.438
38316.566 32696.619 47278.508 30618.723 45197.336
37985.340 31990.234 46895.164 29928.703 44850.723
37362.680 31456.859 46156.371 29103.633 44150.266
36664.520 30971.197 45240.883 28397.941 43690.191
35943.082 30825.561 44549.324 27664.018 43025.738
35168.137 30869.490 43843.801 27025.518 42162.289
34510.145 30706.887 42815.773 26424.004 41662.223
33709.867 30339.502 41657.227 25806.848 40469.262
32741.346 30368.016 40748.723 25326.719 39246.320
31916.031 30375.652 39806.137 24728.877 38533.996
31040.561 30574.877 38982.309 24299.824 37271.797
30292.572 30587.230 38016.203 24075.576 36112.504
29807.764 31066.369 36661.527 23963.512 35432.605
29554.986 31312.506 35977.402 24047.072 34720.941
29415.521 31583.881 35616.730 24324.297 33998.250
29460.822 32114.074 35307.391 24730.352 33354.457
29746.178 32607.881 35462.043 25454.678 33460.105
30450.611 33105.258 36152.152 26159.096 33924.891
31424.906 33508.953 36747.535 26867.459 34562.012
32414.166 33947.730 37831.109 27760.100 35447.820
33319.016 34061.086 38886.113 28714.887 36694.117
34094.613 33973.070 40123.262 29428.725 37848.734
34868.914 33711.516 41539.520 30204.188 39251.523
35694.277 33537.785 42927.340 30910.488 40717.367
36139.895 33327.969 44288.430 31346.857 41795.812
36437.883 32977.188 45062.824 31281.104 42850.199
36554.238 32937.645 45600.234 31438.807 43703.559
36687.660 32672.703 46194.227 31427.361 44270.750
36377.570 32285.359 46452.480 31197.117 44750.629
