6111.064 7468.899 7414.384 6441.651 6038.569
6080.463 7150.482 6878.709 6360.921 6319.692
5697.966 7149.636 6444.329 6150.178 6405.032
5587.354 7204.910 6458.441 6068.115 6295.304
5386.528 6839.278 6017.981 6127.320 6134.125
5506.945 6641.941 5840.701 6082.746 6184.802
5337.544 6334.417 5803.668 5666.852 5919.419
5433.301 6409.978 5861.433 5643.760 5838.192
5607.969 6287.190 5851.505 5750.934 6096.767
6173.853 6646.194 6088.897 6002.640 6463.145
6585.330 6799.894 5903.898 6136.992 6858.151
7209.808 7282.590 6135.513 6358.809 7506.708
7462.543 7481.943 6081.450 6763.780 7689.427
7578.555 7369.957 6009.491 6788.439 8098.482
7653.144 7511.811 5985.647 6862.378 8756.084
7586.736 7065.137 5878.683 6839.375 8901.572
7904.649 6786.537 6198.592 7037.634 9335.031
7969.135 6367.625 6741.905 6990.171 9188.679
8649.027 6694.844 7580.680 7129.383 9619.453
8794.678 6499.862 8285.532 7047.067 9741.669
9712.174 7032.109 9092.576 7162.671 10275.894
11363.079 7594.546 9930.479 7733.977 10769.857
12593.700 8025.429 10573.835 8145.588 11204.522
14507.907 9088.035 11205.371 8980.204 11907.365
14647.629 9047.870 11499.203 9522.852 12038.502
15194.206 9134.938 11651.479 10022.625 13029.301
14592.933 9100.856 11606.227 10352.104 13159.648
14535.142 9046.948 11924.885 10426.041 13730.779
13889.056 8479.046 11189.188 9772.430 13669.672
13875.565 8303.697 11303.530 9114.765 14161.789
13162.345 8075.810 11443.712 8925.268 13851.825
12716.137 7697.331 12472.034 8266.530 13972.181
13194.944 7803.540 13851.549 8337.677 14000.883
14035.381 8050.071 15134.959 8387.987 13990.570
16051.824 8346.408 17280.961 9018.391 15313.213
17815.623 8609.533 18937.422 9575.181 16345.971
19644.432 9677.469 19567.404 10618.435 18042.172
20662.699 10024.328 19712.600 10935.386 19247.971
21152.605 10556.514 20284.270 11299.990 20396.406
20784.670 10478.440 19471.625 11902.226 20300.219
19804.783 9853.756 18750.973 11777.300 19128.113
19103.990 9690.040 18289.018 11619.053 18932.375
18042.061 9503.058 17592.400 11244.598 17446.566
17410.275 9771.182 18247.172 11110.969 17123.193
16190.550 9515.651 18417.273 10331.216 15828.703
16246.519 10321.874 19735.699 10297.759 15787.883
16736.457 10223.692 21747.426 10183.614 15562.201
18412.119 11745.784 25240.213 10542.943 16799.262
20595.508 13134.560 27579.701 11091.533 18213.996
22533.699 14368.267 29434.824 11707.129 19492.232
25003.697 15033.938 30781.822 12539.714 21235.119
25732.334 15088.787 30137.256 13176.317 22296.543
26582.393 15881.067 29347.162 14629.632 23098.668
25314.164 15559.896 27161.789 14740.389 22311.703
24846.387 15672.940 26447.088 15464.337 22170.723
22818.457 14932.301 23894.215 14798.870 21045.625
21777.447 14713.564 22324.398 14264.990 19875.344
20653.281 14231.634 21757.453 13212.911 18517.141
19321.936 13777.249 21561.408 12526.718 17210.621
19198.662 14541.259 23753.523 12090.163 17268.494
18650.344 14970.358 25893.533 11888.386 17149.051
20280.068 16971.633 30714.264 12260.957 18800.885
21809.051 18414.818 33691.527 12365.531 19823.141
23754.010 19887.148 36834.461 13314.254 21384.309
26008.021 20955.641 37984.152 14338.503 22031.613
28089.838 20947.365 39147.363 15367.485 22686.207
28843.316 20226.742 37600.559 16068.536 22373.328
28287.600 19142.529 35098.254 16353.387 21841.324
28170.670 18227.709 34629.082 16361.044 21540.447
27229.762 16765.541 32195.242 15883.900 20341.053
26693.039 15799.231 31405.627 15432.344 19923.025
24847.316 15268.529 29133.234 14920.383 18552.453
24737.131 15375.173 29542.627 14741.526 18684.295
23246.951 15294.239 29155.068 13722.959 17943.238
23307.531 16822.000 30886.479 13914.025 17882.996
23170.469 17561.594 31569.266 13136.737 18308.168
23913.061 18923.748 32571.014 13460.626 19473.779
24657.658 19947.484 34906.184 13686.124 20311.010
25180.334 20140.795 37395.543 14390.886 21521.465
24940.893 19726.922 37437.910 14783.604 22383.395
24656.826 19251.965 35815.742 15238.082 22594.691
24327.057 18552.127 36367.078 15697.944 22546.479
23107.416 17748.867 35507.660 15269.614 21482.340
