7982.927 8704.358 10314.630 9770.279 9193.063 11023.638
8131.129 8894.204 10589.146 10120.806 9476.362 11187.537
8308.466 9182.975 10890.644 10447.045 9895.073 11510.649
8414.916 9408.308 11314.390 10823.987 10117.188 11716.440
8594.955 9614.670 11627.015 11038.833 10259.729 11893.698
8812.427 9831.999 12156.926 11314.274 10406.843 12170.628
8945.469 9917.212 12421.116 11545.544 10527.074 12343.756
9161.766 10208.039 12828.208 11765.034 10812.917 12656.289
9313.629 10382.944 13104.941 11829.875 10834.839 12985.686
9351.434 10333.825 13060.379 11717.647 10701.174 12932.171
9648.046 10436.776 13287.938 11934.193 10827.994 13229.598
9776.594 10592.907 13397.271 12009.659 10937.179 13475.946
9722.563 10662.591 13453.276 11956.289 10954.562 13608.501
9683.216 10715.113 13433.136 11765.550 10904.921 13598.363
9511.299 10691.013 13412.811 11653.661 10793.941 13483.011
9439.334 10572.365 13363.167 11516.863 10734.654 13377.635
9421.550 10527.744 13256.656 11365.537 10633.136 13299.373
9191.598 10367.562 13037.976 11071.595 10616.085 13111.269
9035.440 10173.113 12854.304 10823.915 10408.515 12988.101
8907.007 10023.617 12532.355 10605.059 10247.017 12813.779
8740.711 9904.118 12381.438 10578.427 10252.312 12801.250
8608.143 9672.655 12188.523 10490.582 10201.092 12645.670
8570.275 9489.817 11948.672 10524.789 10177.663 12493.025
8511.117 9345.646 11810.259 10570.183 10266.501 12381.044
8480.615 9270.249 11622.138 10666.651 10442.024 12438.701
8541.176 9230.187 11524.334 10789.236 10579.158 12461.064
8578.815 9256.201 11412.865 11016.311 10781.291 12396.495
8805.396 9383.730 11518.339 11348.409 11110.819 12736.068
8942.108 9592.604 11650.634 11757.292 11540.835 12970.958
9212.031 9859.976 11906.743 12195.432 12000.729 13336.996
9493.375 10207.256 12213.532 12590.876 12387.960 13713.396
9751.833 10465.140 12534.328 13019.240 12711.934 14206.839
9999.598 10755.800 13022.272 13485.322 13104.537 14585.895
10242.107 11141.229 13262.466 13706.275 13321.102 15059.973
10536.688 11492.724 13660.050 13943.753 13549.645 15374.581
10715.725 11764.062 13904.788 14037.823 13700.768 15667.136
10728.090 11997.608 14101.502 14190.624 13758.968 15851.539
10682.237 12086.324 14326.147 14310.219 13763.314 15862.288
10715.751 12309.586 14527.880 14450.600 13754.273 15867.220
10737.339 12322.151 14575.614 14316.970 13639.334 15767.311
10514.098 12155.145 14601.055 14069.314 13392.815 15444.582
10443.846 12167.705 14662.944 14027.452 13348.905 15454.041
10261.254 12193.789 14433.740 13788.328 13299.933 15167.563
10029.472 11865.377 14213.548 13527.807 13047.655 14936.709
9732.321 11647.944 13911.360 13193.941 12695.309 14498.470
9605.058 11508.829 13468.345 12892.204 12503.854 14135.561
9354.651 11332.198 13402.127 12701.119 12288.910 13912.849
9126.373 11093.760 12951.445 12504.035 12020.390 13515.421
8962.406 11026.694 12764.650 12445.417 11951.260 13377.565
8811.897 10910.900 12611.367 12334.940 11935.641 13217.110
8525.471 10703.536 12176.061 12176.496 11659.247 12752.497
8718.672 10772.086 12276.013 12463.990 12055.829 12885.548
8747.744 10874.004 12443.823 12879.164 12349.467 12981.529
9095.271 11291.323 12851.375 13438.335 12870.905 13280.883
9083.808 11447.826 13075.675 13945.896 13464.532 13545.195
9168.843 11690.357 13272.498 14348.157 13931.464 13704.156
9409.314 12074.190 13662.009 14879.236 14425.333 14070.837
9728.022 12537.792 14036.300 15266.227 14979.555 14653.602
10044.520 12987.995 14467.772 15669.434 15140.580 15169.773
10393.019 13515.546 15109.168 16157.776 15669.177 15942.123
10721.772 13954.890 15733.663 16629.131 16092.845 16495.703
10973.984 14284.790 16134.819 16838.721 16313.375 16846.283
11145.694 14614.684 16670.135 17151.250 16487.645 17427.230
11368.795 14933.978 17016.748 17299.717 16386.586 17742.660
11441.211 15197.526 17308.705 17419.994 16341.409 17977.818
11452.393 15379.248 17537.799 17354.162 16153.562 18212.510
11335.937 15444.122 17543.258 17064.955 15835.076 18099.648
11297.002 15518.802 17351.848 16766.176 15385.604 18025.646
11269.735 15530.127 17222.709 16487.736 14969.479 17858.168
11036.646 15359.524 17004.078 16205.478 14404.229 17599.811
10873.819 15173.347 16834.582 15999.586 14296.938 17329.109
10630.725 14921.859 16519.418 15705.863 13763.118 16828.828
10346.331 14607.999 16145.914 15233.142 13387.247 16353.824
10199.977 14299.453 15951.951 14961.184 13082.782 16085.022
9977.227 14064.973 15621.839 14622.498 12603.716 15580.003
9774.862 13638.111 15196.226 14408.210 12343.374 15147.629
9685.553 13340.746 15057.682 14354.951 12201.358 14833.730
9616.448 13155.901 14808.439 14451.181 12141.341 14507.454
9555.459 13035.946 14731.073 14579.074 12226.349 14457.765
9524.188 12954.898 14611.075 14778.214 12363.834 14166.729
9447.295 12926.555 14719.568 15233.518 12584.709 14130.638
9645.930 12944.842 14763.690 15644.226 12977.385 14135.336
9869.406 13075.507 15019.800 16126.948 13395.885 14363.779
10195.712 13199.490 15414.153 16654.930 13851.992 14793.980
10354.276 13480.696 15676.944 17096.389 14244.764 15142.366
10671.754 13922.383 16022.406 17621.910 14802.182 15794.699
11043.703 14401.491 16402.244 18178.785 15184.589 16409.123
11371.846 14950.997 16832.535 18384.623 15517.373 16829.748
11729.348 15672.879 17334.961 18572.559 15622.012 17236.361
11967.328 16021.938 17551.496 18532.279 15688.853 17641.664
12275.269 16463.107 17861.572 18610.205 15695.892 18085.023
12428.932 17040.062 18000.166 18519.994 15480.188 18320.924
12359.863 17354.604 18112.178 18364.982 15139.842 18278.000
12348.316 17643.799 18155.363 18063.904 14791.731 18495.994
12385.189 17769.516 18173.262 17805.088 14439.932 18517.160
12318.889 17811.844 17915.695 17216.094 14010.282 18294.258
12102.415 17830.850 18011.932 16988.797 13545.092 18006.885
11814.521 17956.207 17763.346 16635.795 13239.062 17572.883
11770.793 17607.850 17394.377 16078.825 12646.835 16866.076
11529.157 17375.031 17129.650 15621.539 12240.465 16356.806
11253.813 17279.367 16811.479 15197.530 11852.365 15901.284
11001.244 16979.355 16702.617 14948.984 11538.901 15557.500
10658.563 16669.361 16278.310 14679.409 11250.022 15055.378
10517.569 16398.822 16013.807 14455.028 11073.513 14550.577
10546.175 16377.517 16025.477 14528.140 11052.337 14324.226
10372.932 16048.223 15852.086 14606.959 11154.270 14216.453
10099.464 15670.666 15523.931 14484.468 11216.771 13794.814
10253.747 15682.292 15646.155 14831.073 11468.346 13839.042
10348.880 15730.848 15702.549 15237.737 11732.109 13939.725
10435.215 15717.365 15878.818 15552.424 12160.722 14019.619
10521.163 15769.892 16091.079 16162.513 12619.057 14185.604
10615.962 15845.401 16312.781 16505.846 12927.733 14295.041
10902.907 15978.157 16542.299 16894.172 13297.371 14461.232
11214.443 16282.868 16627.258 17173.738 13742.104 14671.233
11335.338 16419.832 16847.494 17396.469 13994.999 15047.822
11291.379 16431.182 16698.027 17218.586 13949.329 14963.750
11724.366 16859.348 16788.455 17306.484 14103.812 15331.847
11951.468 17329.061 16935.230 17338.236 14318.594 15469.008
11980.445 17605.293 16976.010 17289.785 14494.087 15424.674
12018.642 17892.598 16953.561 17162.242 14394.337 15375.375
12011.210 17879.674 16610.172 16788.256 14043.060 15270.459
12037.292 18180.959 16733.771 16818.090 14058.652 15101.854
12123.065 18451.662 16548.676 16520.775 13907.986 14988.327
11961.259 18368.400 16258.098 16160.120 13658.522 14766.512
11913.501 18396.146 15914.509 15671.597 13372.479 14521.328
11810.637 18182.207 15492.703 15318.709 13045.216 14268.893
11682.439 18070.070 15222.253 14980.382 12720.306 13909.399
11561.574 18015.869 14849.847 14648.396 12455.315 13751.196
11096.035 17342.250 14122.782 13960.076 11870.146 12970.421
11115.504 17332.328 13955.189 13738.745 11740.633 12443.154
11072.066 17293.848 13619.253 13493.826 11572.214 12110.622
10955.715 16849.053 13390.627 13220.851 11520.724 11967.729
10971.877 16890.748 13504.440 13295.299 11600.794 12114.416
10894.526 16773.115 13611.025 13320.096 11578.077 12335.944
10905.680 16542.514 13494.104 13275.482 11694.869 12586.894
10729.505 16090.000 13151.854 13150.761 11482.047 12301.240
10969.596 16101.850 12949.715 13248.991 11434.725 12403.372
11083.089 16088.308 13073.356 13384.579 11466.466 12591.725
11140.869 16059.994 13018.244 13521.259 11490.877 12736.254
11282.172 16046.749 12933.936 13616.573 11559.629 12834.513
11456.662 15922.675 12839.169 13680.390 11704.998 12728.462
11562.002 15696.184 12567.824 13578.388 11651.250 12786.816
11716.398 16097.938 13094.227 14178.343 12159.838 13656.423
11889.923 15981.224 12885.151 14064.343 11978.143 13655.459
11798.811 15581.466 12614.379 13795.980 11763.654 13291.646
11948.139 15627.777 12783.037 13834.719 11707.255 13337.337
