11911.997 9259.559 8956.865 8213.346 11066.526
13304.330 9827.919 9954.317 9494.010 11605.613
14239.180 10300.290 10524.171 10284.027 12257.446
14960.245 10685.317 10178.413 10562.827 12885.989
14630.590 10827.554 10251.759 10349.193 12859.283
14932.255 10885.251 10762.346 10540.992 12513.198
15252.107 10961.963 11633.753 10648.583 12537.827
14991.249 10623.788 12027.116 10738.964 12556.027
14824.726 10438.435 12042.168 10615.538 12394.555
14784.789 10478.581 12063.164 10711.429 12405.963
14926.116 10678.651 12102.035 10615.547 12560.409
14820.160 10577.843 11743.354 10769.578 12497.782
14643.213 10389.562 11849.661 10472.354 12540.300
14350.144 10275.092 11570.244 10468.646 12403.116
14130.610 10089.439 11521.894 10434.910 12319.690
14023.637 10058.774 11230.553 10192.237 12248.160
13959.249 10376.985 11330.744 10010.181 12178.762
14055.846 10149.130 10907.610 9627.425 11981.389
13896.096 10286.554 10676.725 9566.104 11892.215
13832.716 10213.544 10407.477 9439.893 11757.601
13870.788 10181.956 10335.350 9409.930 11791.018
13805.891 10043.651 10086.831 9275.579 11554.664
13718.416 9965.923 10094.885 9327.288 11441.896
13900.430 9810.910 10085.843 9382.549 11350.957
13720.020 9770.104 10090.307 9435.511 11285.647
13642.683 9581.196 10100.431 9376.696 11089.050
13450.497 9480.813 10087.997 9356.274 10776.885
13493.002 9322.011 10114.238 9446.239 10696.449
13501.810 9318.987 10057.223 9537.440 10583.430
13185.043 9138.567 9975.435 9475.186 10394.240
13267.482 9226.808 10157.229 9634.108 10381.580
13136.665 9245.331 10052.408 9811.642 10386.293
13183.073 9272.923 10130.296 9913.914 10279.889
12968.023 9290.870 10199.664 9991.727 10454.525
13082.259 9271.117 10114.221 10143.272 10341.415
13333.116 9392.543 10300.838 10591.817 10527.554
13281.396 9359.369 10199.638 10510.090 10378.158
13220.034 9468.780 10278.836 10650.406 10464.235
13390.596 9524.879 10177.722 10738.582 10477.987
13549.789 9677.727 10250.136 11110.649 10724.160
13613.418 9779.195 10319.674 11227.438 10602.335
13591.797 9966.917 10448.594 11334.999 10566.836
13705.031 9902.226 10224.625 11484.278 10592.491
13905.791 10050.485 10369.237 11812.253 10913.113
14022.663 10058.429 10371.409 12050.032 11033.385
14060.159 10019.669 10419.645 12156.918 11003.099
14264.967 10107.396 10278.099 12149.031 11058.159
14546.217 10363.839 10311.024 12494.310 11182.360
14909.320 10457.006 10413.008 12692.168 11157.606
14896.303 10412.280 10333.592 12823.193 11231.399
14891.789 10441.285 10463.829 13049.298 11236.498
15323.131 10673.184 10737.811 13327.261 11303.469
15361.529 10783.198 10740.255 13559.348 11379.631
15439.045 10938.711 10958.068 13789.847 11425.715
15552.597 10897.059 11123.820 13949.849 11515.569
15757.021 10980.706 11475.556 14294.770 11755.846
15985.848 11114.851 11831.305 14714.919 11835.917
16076.886 11198.624 12264.742 15212.207 11982.167
16144.154 11352.415 12564.377 15577.701 12126.914
16358.617 11336.982 12948.022 15748.509 12407.562
16666.727 11597.500 13579.885 16341.755 12532.100
16734.523 11581.610 13745.315 16617.969 12537.013
16711.953 11588.896 14145.863 16765.275 12326.030
16905.068 11689.998 14617.026 17276.795 12305.929
17054.855 11883.361 15110.172 17734.303 12337.542
17269.379 12069.552 15474.811 17904.777 12309.436
17329.977 12078.557 15599.851 18103.137 12334.016
17432.174 12181.781 15782.089 18054.531 12214.751
17747.037 12224.573 16090.031 18316.320 12106.476
17726.982 12285.814 15966.970 18380.494 12229.754
17787.764 12227.808 15868.141 18377.045 12009.023
17919.230 12429.033 15914.987 18380.305 11963.504
18025.225 12532.881 15837.473 18371.650 11996.888
18229.084 12687.934 16131.002 18198.842 12135.843
18301.912 12523.691 16149.890 17826.826 12105.490
18406.879 12663.636 16415.611 18002.451 12248.075
18644.186 12857.225 16253.329 18134.857 12401.168
18669.881 12843.321 16200.294 18136.076 12499.848
18745.910 12868.130 16298.466 18167.918 12341.025
18623.824 12780.784 16602.445 18280.852 12386.557
18993.270 12866.940 17103.973 18816.090 12588.293
18956.898 12816.305 17474.697 18822.973 12593.648
19048.113 12790.993 17790.297 19250.693 12735.137
19311.648 12754.209 18154.008 19343.275 13018.062
19602.994 12933.073 18594.461 20027.424 13271.097
19899.453 12953.463 19062.604 20150.111 13478.437
20035.498 13117.515 19611.758 20643.811 13621.467
19901.305 13111.475 20047.619 20990.783 13782.489
20159.965 13491.247 20690.436 21510.537 14286.350
20583.232 13478.635 21209.092 21699.201 14560.960
20766.803 13612.729 21591.012 21877.953 14628.658
20708.582 13508.575 21593.510 21936.822 14550.845
20951.547 13739.542 21873.623 22235.508 14668.899
21226.986 13938.103 21821.619 22337.203 14641.294
21537.328 14120.181 22030.473 22461.529 14747.468
21386.258 14083.349 21570.967 22034.477 14681.584
22043.000 14244.937 21516.639 21891.096 14910.068
22127.197 14245.010 21421.346 21673.693 14880.385
22737.971 14384.455 21264.943 21536.965 14746.656
23029.244 14369.327 21019.613 20967.822 14794.273
23238.146 14522.065 21072.498 20706.293 14723.794
23503.613 14634.911 20959.066 20511.521 14783.470
24069.500 14907.945 21088.396 20404.377 14741.578
23916.326 14901.238 20524.607 20099.678 14644.395
24153.730 15418.654 20309.051 19948.652 14736.422
24587.164 15715.682 20523.490 20393.346 14965.125
24362.926 15683.096 20627.523 20305.867 14981.363
24626.496 15852.848 20913.529 20466.652 14982.074
24686.553 15888.289 21310.682 20679.758 14814.002
24872.686 16247.111 22039.977 21462.367 15109.864
24664.131 16064.842 22530.967 21892.430 15155.886
24620.486 15998.625 23157.684 22145.012 15293.446
24629.422 16202.656 23685.301 22765.189 15465.360
24632.938 16563.490 24375.932 23333.922 15781.840
24662.242 17157.012 24891.855 23441.314 16036.359
24505.707 17412.611 25224.777 23750.494 16233.403
24302.604 17639.723 26025.180 24056.283 16542.232
24227.879 17890.865 26177.355 24222.152 17121.629
24417.369 18174.295 26733.734 24156.369 17672.045
24415.445 18014.178 26760.654 23960.830 18067.980
24678.340 18308.689 26301.393 23646.109 18369.539
25244.992 18645.721 25946.320 23743.934 18598.182
25513.482 18675.920 26269.139 23680.248 18751.217
25855.047 18507.252 25992.270 23332.082 18879.039
26006.365 18267.545 25552.580 22864.688 18862.961
26530.799 18396.760 25093.762 22475.330 18926.463
26993.119 18429.885 24756.143 22085.703 18878.748
27316.023 18548.768 24431.207 21689.477 18842.848
27240.172 18068.336 23820.123 21074.018 18339.238
27886.334 18011.881 23677.955 21218.475 18380.916
27420.449 17848.562 22988.223 20958.686 18268.521
27377.072 17845.707 22869.867 20938.074 18241.668
26854.861 17869.266 22600.023 20718.854 18073.545
27453.412 17902.234 22803.350 20968.998 18047.025
27061.176 17359.309 22898.803 21038.051 17969.721
27220.582 17613.805 23720.963 21550.699 18100.633
26887.264 17667.250 23754.576 21713.746 17800.521
26855.018 18040.822 24036.607 22064.045 18274.826
26232.516 18108.564 23900.686 22398.432 18653.369
26344.186 18521.102 24731.959 23258.684 18990.012
25921.855 18712.809 25013.689 23418.834 19326.125
25996.973 19220.551 25758.695 24052.779 19923.129
25519.992 19802.832 26219.785 24497.180 20140.572
25224.883 20450.744 26867.309 24908.291 20689.580
25091.668 21040.807 27097.672 25265.299 20909.229
25822.543 21780.721 27394.979 25716.104 21497.174
26371.018 22292.426 27943.652 26188.598 22250.543
26406.799 22243.855 28300.176 25774.348 22649.654
26694.496 22119.373 28521.023 25228.703 22832.150
27028.381 22140.678 28512.215 25055.799 23141.791
27877.328 22504.195 28614.928 25046.207 23480.906
28303.691 22677.061 27994.080 24552.773 23525.549
28580.398 22672.621 27631.367 24024.398 23573.975
28772.500 22519.816 26708.580 23296.820 23298.746
29262.098 22547.723 26401.961 22621.918 23095.842
29485.719 22071.184 25763.711 22022.402 23030.174
30064.475 22268.084 25488.209 21948.977 23084.064
29868.906 21671.684 24804.082 21430.699 22884.215
29889.934 21432.514 24598.480 21043.369 23031.516
29482.750 20959.137 24577.604 20235.689 22387.148
29449.666 20855.057 24509.680 19952.414 22717.594
29168.664 20661.215 23732.010 19623.273 22690.154
28741.020 19760.883 23589.637 19415.496 22490.730
28424.020 19470.260 23544.619 19496.211 22885.680
27976.791 19483.840 23872.334 19684.006 23094.805
27141.062 19287.682 23822.320 20068.525 23170.973
27089.100 19203.916 24346.762 20446.125 23854.807
26593.309 19296.359 24753.869 20671.871 24515.576
26411.143 19677.805 25207.707 21258.490 25137.613
25991.049 19946.309 25497.629 21459.973 25122.334
25501.605 20098.598 26079.773 21797.971 25671.328
25703.570 20245.736 26422.916 21993.713 25850.557
25631.926 20503.398 27037.092 22217.971 26787.928
25625.078 20985.047 27704.586 22415.299 26883.291
25892.812 21662.635 28081.844 22358.219 27303.984
26250.863 22296.439 28998.041 22347.139 27940.945
26302.127 22466.121 29052.930 22180.840 28013.225
26573.281 22711.395 29352.318 21813.084 28118.389
26876.469 22866.861 29181.729 21392.006 27765.193
27195.307 23087.314 28858.027 20973.385 27633.041
27485.795 23455.447 28655.809 20761.936 27988.121
27843.982 23608.732 28479.492 20760.123 27987.953
27859.947 23514.191 27771.641 19857.238 28103.930
28103.492 23442.857 27474.549 19663.490 28363.035
28177.506 23127.160 26994.557 19452.449 27992.359
28230.988 23368.869 26268.887 19463.195 28276.523
27776.051 22900.865 25700.789 18811.068 27614.293
27739.242 22679.168 25301.236 18718.227 27921.408
27139.479 22055.322 25098.500 18456.465 27732.053
27004.141 21877.637 25279.791 18385.293 27757.865
26175.172 21386.004 24940.031 18330.135 27587.348
25645.793 20843.639 24977.859 18286.381 28095.971
25274.266 20788.207 24995.441 18190.213 28636.266
24806.254 20261.213 24611.379 18446.324 28663.895
24302.633 19861.875 24891.289 18376.992 28447.160
24124.328 19697.270 24926.217 18630.312 28662.475
23730.354 19227.334 24604.662 18722.746 28635.293
23838.648 19409.484 24989.734 19381.496 28663.910
23403.604 19361.955 25321.518 19405.373 28442.820
23419.080 19226.406 25066.551 19356.619 29270.262
