6095.399 5377.414 7456.783 6869.203 7766.380
6075.259 5317.343 7378.677 6845.076 7768.571
6068.930 5250.155 7282.811 6802.896 7689.078
6068.779 5236.421 7249.284 6760.921 7670.637
5923.940 5127.261 7090.565 6650.323 7478.332
5888.738 5115.726 6931.262 6564.670 7332.009
5790.088 5061.847 6799.841 6398.011 7089.021
5744.491 5046.225 6656.365 6331.978 6994.314
5641.473 5016.006 6621.565 6230.615 6830.470
5633.846 4897.612 6481.765 6204.142 6658.549
5610.233 4874.795 6518.135 6199.074 6633.157
5566.746 4813.943 6432.626 6130.746 6586.131
5584.211 4727.741 6387.795 6096.384 6538.975
5522.426 4771.027 6342.338 6030.391 6480.279
5554.468 4739.542 6317.576 5990.336 6416.113
5557.749 4703.543 6298.138 6032.949 6369.328
5541.663 4674.383 6330.265 5839.748 6306.629
5564.369 4675.449 6408.988 5843.766 6243.395
5619.287 4590.514 6469.086 5822.716 6192.984
5608.164 4574.902 6470.221 5823.215 6136.442
5638.318 4623.824 6570.162 5834.858 6242.493
5658.469 4614.105 6610.500 5887.348 6175.464
5663.247 4573.107 6663.580 5873.925 6199.132
5684.278 4569.251 6702.735 5875.986 6255.592
5704.773 4563.473 6751.354 5923.034 6294.546
5709.747 4517.447 6805.489 5974.422 6376.949
5723.905 4537.843 6863.511 5967.694 6422.501
5760.830 4540.745 6939.641 6041.466 6484.954
5816.632 4567.315 7004.378 6057.131 6495.741
5861.475 4573.411 7091.694 6133.532 6619.031
5975.452 4644.304 7154.081 6267.142 6763.724
6023.138 4652.832 7284.570 6364.250 6926.804
6140.279 4681.179 7381.946 6436.317 6965.050
6241.544 4783.994 7531.141 6560.247 7160.374
6332.071 4818.373 7597.009 6621.320 7250.291
6431.368 4850.276 7700.566 6717.398 7397.918
6480.747 4836.600 7719.414 6759.753 7473.216
6573.155 4915.870 7871.799 6873.047 7570.752
6624.401 5021.776 7993.841 6938.309 7675.268
6702.418 5054.802 8026.357 6988.161 7738.197
6774.898 5093.987 8126.440 7074.910 7824.775
6847.917 5125.212 8285.390 7117.939 7908.332
6982.693 5216.554 8308.270 7187.726 8028.891
7067.343 5205.496 8454.919 7243.653 8099.888
7201.886 5295.668 8569.406 7339.687 8181.740
7295.052 5309.500 8683.183 7444.929 8279.639
7398.217 5392.418 8815.966 7496.706 8367.616
7497.836 5419.558 8952.386 7640.101 8517.447
7723.222 5465.712 9103.006 7720.546 8705.394
7825.850 5518.097 9213.743 7821.347 8963.873
7954.552 5525.302 9298.275 8028.835 9072.981
8098.776 5576.279 9480.678 8076.329 9222.390
8209.158 5610.950 9610.347 8215.482 9367.554
8307.567 5631.049 9704.533 8343.873 9522.849
8454.648 5713.594 9890.812 8510.184 9735.400
8538.694 5855.860 9980.069 8613.160 9953.909
8652.798 5922.942 10137.872 8705.453 10088.009
8602.162 6017.239 10253.438 8710.539 10199.179
8673.504 6098.091 10251.073 8765.257 10270.912
8689.255 6121.925 10296.127 8713.205 10251.841
8716.768 6164.048 10286.931 8778.813 10325.297
8723.691 6243.686 10257.529 8811.312 10271.415
8750.320 6340.086 10308.761 8919.757 10235.807
8766.812 6396.071 10263.850 8952.150 10189.055
8764.973 6465.470 10301.116 9033.616 10201.104
8698.750 6466.386 10178.052 8937.929 10113.898
8688.787 6497.835 10184.710 9013.662 10148.486
8618.405 6498.403 9979.406 8979.792 10003.802
8561.673 6510.116 9916.585 8990.100 9838.565
8454.881 6525.990 9793.396 8972.906 9720.894
8556.063 6501.178 9844.235 9055.472 9648.274
8517.005 6487.758 9729.404 8999.356 9589.133
8481.942 6500.276 9659.632 9050.346 9495.440
8510.260 6553.603 9640.641 9103.956 9540.284
8527.223 6590.263 9614.341 9176.078 9468.226
8595.943 6616.405 9613.816 9272.243 9502.748
8607.426 6669.296 9498.184 9255.357 9624.897
8662.314 6659.391 9497.711 9377.224 9680.462
8786.479 6743.239 9561.200 9556.354 9830.334
8908.161 6803.186 9564.410 9737.517 10033.398
8972.028 6884.800 9590.735 9836.383 10145.509
9010.624 6940.926 9608.491 9962.935 10201.728
9082.595 7006.537 9622.267 10095.630 10303.729
9116.980 7126.262 9560.259 10149.378 10516.738
9189.518 7138.838 9595.032 10242.736 10438.888
9196.339 7139.253 9644.954 10403.138 10483.385
9182.671 7130.972 9655.591 10468.852 10542.344
9174.728 7204.476 9707.323 10526.072 10503.344
9060.014 7146.938 9694.793 10550.300 10403.851
9062.280 7115.524 9731.128 10507.080 10312.506
9015.481 7130.438 9670.639 10503.782 10153.191
8998.106 7030.528 9515.363 10355.739 9976.639
8846.035 7026.825 9500.563 10312.455 9853.856
8749.100 6916.677 9385.253 10278.857 9666.411
8665.486 6899.522 9321.868 10198.810 9514.601
8579.168 6899.501 9252.917 10110.707 9400.829
8545.291 6790.189 9193.507 9964.340 9189.139
8454.571 6786.042 9224.144 9883.115 9063.184
8438.641 6775.463 9155.460 9882.463 8880.266
8393.418 6712.058 9145.869 9834.986 8734.929
8375.403 6759.363 9193.699 9937.470 8786.902
8415.622 6835.870 9297.825 9934.897 8813.331
8433.081 6773.381 9345.292 9941.729 8890.333
8602.794 6773.109 9323.635 9967.950 9067.761
8761.469 6753.011 9473.666 10004.600 9137.882
8875.487 6815.172 9619.254 10177.875 9316.049
8931.169 6839.123 9721.159 10327.786 9489.647
9040.126 6971.292 9822.177 10462.212 9639.277
9162.166 6906.091 9978.023 10596.297 9891.462
9267.052 6985.344 10157.760 10783.635 10035.105
9237.599 7003.135 10137.986 10794.051 10161.317
9278.113 7133.031 10252.328 10763.720 10344.810
9251.856 7139.532 10224.545 10769.498 10332.446
9236.641 7142.413 10156.827 10722.088 10355.079
9254.678 7224.664 10061.722 10759.544 10282.625
9107.240 7189.738 9941.974 10610.611 10110.002
9031.776 7232.864 9945.814 10612.700 9973.586
8932.715 7208.626 9855.750 10522.733 9831.752
8842.928 7178.978 9715.072 10392.228 9593.657
8717.742 7124.163 9676.552 10299.667 9347.161
8601.058 7071.217 9547.457 10200.020 9096.526
8459.647 7036.059 9439.600 9938.741 8931.478
8344.806 6930.003 9407.688 9880.504 8689.649
8180.248 6823.462 9318.375 9856.825 8389.878
7992.693 6770.771 9235.907 9690.413 8192.296
7920.394 6748.912 9196.933 9574.676 8032.784
7851.479 6608.303 9160.415 9536.304 7912.231
7705.261 6550.336 9155.830 9470.483 7732.637
7657.558 6488.086 9082.163 9349.114 7720.560
7630.160 6457.634 9103.613 9308.134 7671.519
7636.780 6428.118 9141.660 9278.273 7695.085
7706.276 6425.815 9243.072 9306.194 7771.183
7818.203 6413.335 9366.115 9445.656 7850.749
7904.396 6507.183 9520.002 9517.632 7960.105
7897.817 6482.577 9588.771 9594.850 8125.307
8095.144 6456.898 9832.682 9675.596 8337.374
8147.573 6434.207 9974.185 9833.542 8333.944
8285.328 6444.694 10078.450 9919.210 8448.050
8327.299 6468.594 10110.640 10025.725 8495.115
8331.232 6483.060 10107.023 10056.041 8539.582
8349.794 6437.358 10156.365 10178.271 8551.556
8241.279 6384.767 10108.636 10126.896 8546.029
8216.819 6445.609 10068.772 10120.203 8529.433
8184.183 6446.169 10017.012 10068.238 8387.396
8156.583 6404.219 9875.218 10017.631 8261.928
8068.745 6364.570 9819.010 10007.408 8213.060
7981.217 6369.353 9765.354 9804.347 8103.176
7955.516 6359.820 9718.451 9734.540 8025.490
7769.937 6343.885 9620.789 9586.589 7829.656
7644.817 6270.554 9426.577 9441.898 7690.442
7515.571 6278.532 9323.175 9374.013 7590.230
7351.533 6225.914 9149.333 9195.216 7414.313
7287.467 6141.413 9114.363 9082.802 7278.389
7187.507 6160.093 8991.398 9032.891 7194.357
7080.713 6121.516 8863.596 8879.880 7029.867
6994.142 6122.045 8749.150 8838.488 6947.147
6889.731 6019.871 8694.054 8652.846 6931.519
6826.789 5968.675 8621.387 8535.037 6878.310
6784.908 5983.037 8591.867 8485.479 6771.720
6774.037 5946.570 8601.573 8468.853 6829.064
6845.240 5909.384 8597.955 8483.306 6879.963
6879.638 5829.518 8576.917 8437.257 6963.525
6930.627 5768.130 8555.839 8408.783 7025.767
6942.638 5758.650 8564.014 8430.861 7032.801
6983.989 5699.119 8616.136 8440.888 7089.358
6996.136 5697.204 8559.283 8431.550 7174.440
7026.342 5704.750 8514.630 8494.295 7231.875
6975.188 5722.010 8491.057 8533.804 7276.920
7020.112 5778.291 8447.358 8513.141 7307.800
7016.431 5743.162 8356.281 8619.328 7284.503
6974.841 5714.359 8312.394 8656.566 7285.751
6855.234 5653.491 8262.579 8598.254 7318.522
6835.235 5541.618 8236.619 8553.525 7284.233
6751.400 5480.889 8210.536 8507.845 7210.411
6705.362 5412.729 8198.910 8437.627 7216.193
6639.070 5424.948 8148.814 8434.447 7099.159
6532.403 5371.581 8117.589 8371.702 7038.856
6446.180 5333.928 8065.992 8301.854 6997.783
6292.002 5226.500 7936.884 8177.704 6836.014
6233.856 5196.625 7936.715 8091.469 6845.860
6089.335 5086.490 7802.006 7990.742 6690.841
6033.591 5061.740 7754.750 7952.976 6565.690
5930.013 5058.102 7736.494 7880.311 6543.995
5883.774 5074.403 7678.830 7865.424 6509.631
5845.162 5062.838 7556.405 7759.271 6410.640
5791.299 4992.351 7482.501 7679.781 6344.037
5787.068 4963.412 7372.311 7647.606 6230.094
5730.435 4930.984 7284.997 7581.269 6215.174
5701.979 4932.876 7363.141 7575.924 6158.162
5680.162 4911.431 7191.049 7569.381 6155.437
5651.051 4837.235 7104.845 7539.261 6089.968
5583.963 4815.976 7085.559 7543.478 6120.095
5556.069 4753.428 6993.382 7491.024 6075.800
5472.598 4705.972 6969.710 7461.274 5996.425
5445.970 4642.599 6899.152 7473.432 5996.121
5316.292 4517.370 6671.487 7171.646 5850.873
5416.902 4573.589 6788.845 7309.724 5918.440
5364.774 4535.950 6720.152 7235.157 5821.214
5434.944 4596.146 6849.811 7314.418 5894.491
