26797.971 21901.945 22445.068 27467.346 18107.441
27066.693 22345.975 22655.205 27436.711 17799.928
27201.328 22465.977 22425.500 27556.627 17509.918
27251.895 22595.834 22321.691 27010.176 17191.529
27024.930 22319.576 22092.596 26689.561 16876.783
26512.109 22111.154 21829.670 25927.887 16206.331
26105.035 21725.246 21398.992 25202.578 15656.539
25429.732 21180.033 20853.238 24278.934 15047.354
24848.043 20640.779 20332.959 23577.773 14355.983
24251.518 20321.053 20086.047 22794.824 13836.031
23709.545 19999.715 19697.469 22127.982 13407.202
23306.314 19682.322 19314.199 21472.801 13079.276
23058.469 19386.129 19133.377 21024.051 12793.702
22706.158 19297.258 18841.148 20602.803 12566.364
22260.293 19281.012 18748.197 20128.592 12059.563
22098.391 19092.533 18517.660 19751.012 11736.741
21915.463 18990.143 18356.895 19540.514 11645.858
22037.475 18897.887 18231.686 19270.871 11449.350
21910.098 18804.438 18144.336 19054.123 11475.753
21763.217 18754.260 18048.793 18674.080 11262.611
21625.684 18869.906 18106.322 18470.039 11172.952
21603.123 19004.598 18089.162 18402.568 11085.849
21434.217 19027.943 17935.971 18229.078 11137.154
21520.465 18798.281 17969.361 18151.189 11186.554
21585.064 18888.611 17863.029 18010.188 11181.215
21508.221 18923.172 17830.520 17987.916 11175.138
21501.725 18851.494 17889.693 17962.627 11121.413
21400.873 18855.576 17837.332 18014.117 11244.545
21615.791 18921.498 17785.504 17922.314 11374.102
22013.113 19064.064 17852.543 18010.752 11470.146
22150.762 19261.238 17960.705 18079.969 11594.693
22511.857 19495.131 18074.311 18140.189 11713.829
22770.504 19474.605 18025.709 18258.549 11862.544
23212.027 19649.553 18235.068 18424.611 12107.622
23317.881 19834.863 18377.932 18433.061 12379.708
23731.945 20009.678 18447.912 18667.863 12637.346
23950.883 20202.830 18479.266 18684.379 12777.627
24252.693 20452.281 18407.740 18735.281 12788.198
24297.102 20701.393 18605.371 18821.232 12782.578
24485.699 20839.727 18682.555 18814.146 12821.544
24523.438 20906.678 18727.674 18798.771 12708.418
24729.322 21094.957 18791.129 18870.584 12843.960
24948.729 21254.020 18768.682 18904.477 12958.145
25221.287 21244.564 18775.969 18817.838 13143.769
25383.727 21260.793 18800.975 18861.971 13154.737
25538.254 21336.203 18894.908 18812.646 13265.071
25708.807 21282.068 18945.867 18732.857 13370.603
25818.557 21245.588 19143.248 18778.252 13397.674
25939.512 21287.555 19165.383 18850.545 13297.161
26236.504 21165.801 19219.551 18971.301 13478.158
26443.023 21145.877 19191.637 19166.955 13607.214
26524.877 21200.691 19377.256 19402.016 13621.007
26950.910 21343.992 19534.639 19862.254 13723.481
27089.107 21425.578 19605.725 20125.729 13697.137
27501.084 21546.713 19735.508 20475.154 13730.845
27999.879 21861.387 19948.205 20853.451 13696.340
28650.375 22217.045 20098.385 21170.717 13859.225
29120.713 22391.771 20355.033 21575.773 14018.891
29644.545 22688.627 20502.551 21946.426 14304.068
30150.424 23057.455 20688.920 22245.594 14406.417
30604.262 23449.162 20797.018 22637.654 14567.313
31034.230 23735.535 21096.162 22897.807 14521.100
31608.502 23995.648 21278.816 23333.059 14831.723
32071.770 24292.965 21479.809 23872.094 14818.463
32451.074 24825.699 21596.938 24221.018 15064.610
32792.031 25077.053 21672.414 24489.248 15254.089
33274.160 25510.535 21574.902 24621.660 15294.990
33531.414 25598.482 21615.670 24814.943 15374.854
33687.617 25804.369 21615.184 24760.604 15495.849
33845.613 26008.670 21644.031 24803.207 15449.825
33750.227 25966.445 21418.277 24887.895 15510.900
33487.379 25823.973 21487.859 24707.020 15586.640
33631.484 25803.664 21267.381 24597.896 15552.223
33450.270 25679.318 21144.881 24464.123 15655.793
33486.363 25727.328 21076.625 24313.346 15505.950
33327.500 25533.689 21124.738 24200.900 15450.472
33154.848 25467.264 21034.604 24236.965 15385.970
32946.344 25445.242 20938.281 24120.791 15402.358
32929.957 25190.504 20806.971 24097.805 15492.921
32999.398 25250.088 20877.041 24173.566 15296.521
33051.836 25244.914 20743.807 24190.553 15415.024
33438.984 25321.197 20813.445 24073.602 15420.535
33798.219 25281.721 20870.520 24314.637 15452.507
34287.680 25330.736 20887.797 24544.793 15675.166
34589.156 25699.754 21125.754 24812.588 15959.162
34903.551 26100.432 21314.088 25228.100 16319.193
35504.508 26703.115 21627.834 25607.266 16613.670
36505.156 27494.088 21956.850 25932.822 17005.941
37320.633 28201.086 22461.658 26414.785 17406.525
38032.289 28769.275 22495.988 26957.832 17642.447
38791.766 29604.088 22774.623 27522.023 17902.264
39301.191 30299.475 22961.049 27950.957 18652.170
39628.926 30963.746 23341.523 28305.033 19314.271
39987.820 31632.939 23611.125 28626.867 19663.180
40025.141 32262.260 23832.406 28982.375 20076.107
40105.758 32682.381 23964.881 29567.908 20558.873
40290.586 33093.203 24230.896 29669.443 21170.598
40285.141 33146.086 24243.320 29636.770 21692.730
40191.242 33095.031 24542.414 29708.924 22157.975
39873.227 33166.125 24295.979 29925.018 22517.594
39596.449 33205.363 24315.541 29880.121 22715.707
39265.219 33214.219 24372.600 29798.709 22981.352
38932.562 33001.504 24181.457 29821.289 23342.414
38369.410 32809.188 23968.697 29750.662 23305.064
37992.742 32574.559 23679.867 29761.670 23660.871
37650.301 32354.504 23632.441 29721.855 23643.551
37376.074 32377.797 23699.195 29442.734 23687.707
37519.199 32270.295 23782.334 29270.029 23878.594
37660.867 32232.330 23838.033 29262.547 23970.455
37368.312 32066.936 23930.641 29121.537 23826.115
37696.652 32040.510 24030.682 29073.107 24018.041
37851.391 32312.139 24029.650 28933.020 24291.951
38051.359 32550.969 24440.496 29142.215 24759.613
38327.980 32888.273 24777.453 29048.596 25336.053
38757.191 33438.148 24905.678 29120.705 25729.668
39409.949 33736.047 25142.430 29417.963 26441.785
40027.152 34204.418 25437.594 29506.475 26829.115
40782.773 34601.156 25878.391 29865.359 27605.613
41103.055 35168.355 26231.754 30285.924 28595.404
41402.230 35756.285 26779.469 30465.557 29612.070
41811.414 36549.434 27189.605 31059.463 30285.951
42113.578 37098.414 27649.287 31530.637 30974.959
42218.203 37569.359 28095.135 31928.674 31593.150
42116.051 38079.418 28459.400 32115.588 32133.689
42190.391 38319.305 28577.750 32261.883 32531.961
41950.332 38562.887 28832.699 32521.477 32818.887
41886.645 38367.172 28942.230 32680.814 33293.930
41418.000 38144.797 28996.965 32641.055 33967.242
41183.859 38007.844 29163.287 32705.271 34150.414
40800.223 37749.832 29159.979 32573.920 34299.527
40228.816 37589.031 28827.502 32226.895 34594.816
39738.098 37380.227 28639.010 32007.930 34639.773
39449.578 37297.531 28308.957 32067.871 34545.590
38778.734 37133.082 28167.832 31669.340 34319.801
38384.156 36601.305 27958.639 31490.395 34530.750
37830.930 36086.203 27659.664 31167.920 34871.809
37461.551 36100.832 27464.375 30830.836 34635.539
37287.148 35606.789 27221.271 30407.508 34648.762
37180.699 35412.422 27062.305 30210.381 34412.605
37320.883 35670.227 26995.504 29966.244 34277.969
37486.594 35781.727 27093.506 29685.264 34616.254
37576.930 35976.992 27103.236 29432.729 34902.301
38243.727 36158.852 27248.877 29375.967 35501.852
38645.691 36719.164 27489.996 29174.002 35889.984
39304.602 37217.141 27482.166 29092.650 36124.598
39966.449 37882.066 27650.229 29058.738 36473.238
40565.559 38600.188 27835.287 29087.479 37098.375
40960.816 39438.430 28171.312 29197.549 37520.113
41199.789 40054.594 28448.955 29525.176 37823.465
41638.535 40692.707 28641.287 29925.578 38165.180
42089.324 40966.137 29261.490 30175.682 38571.723
42054.469 41104.797 29535.061 30549.973 38784.051
41957.926 41353.145 29607.525 30767.771 38804.047
41889.383 41432.023 30029.996 31026.029 38783.086
41656.035 41357.027 30155.846 31065.086 38910.094
41208.531 41358.535 30059.518 31096.090 38887.660
40874.973 41241.188 29961.592 31320.039 38868.551
40378.859 40942.598 30173.730 31444.152 38890.016
39928.480 40831.312 30158.732 31441.812 38829.516
39243.633 40485.391 30135.176 31193.068 38506.398
38485.531 40146.496 29895.326 30978.713 38304.867
37870.668 39743.699 29796.635 30635.959 37950.680
37506.262 39348.602 29606.902 30493.568 37718.000
37052.516 38883.895 29309.504 30365.521 37261.500
36271.500 38440.863 29099.637 29801.600 36909.094
35857.301 38133.750 28636.990 29094.125 36842.254
35548.676 37697.512 28223.275 28657.943 36432.668
35447.723 37273.742 27931.703 28156.627 36365.156
35221.418 37184.406 27423.559 27774.016 35901.848
35377.402 36875.609 27172.145 27314.768 35607.953
35879.684 37179.812 26917.863 27058.418 35582.000
36262.957 37065.258 26649.305 26788.924 35352.629
36739.148 37157.852 26534.307 26442.133 35059.641
37363.133 37313.598 26424.529 26325.508 34667.141
38249.512 37880.996 26226.959 26102.299 34564.547
38971.844 38481.379 26191.262 26078.217 34886.523
39792.445 39203.637 26242.695 25948.330 34682.465
40635.918 39979.496 26347.221 25797.844 34632.246
41171.969 40626.133 26669.953 25779.146 34878.848
41600.258 41136.172 26842.689 25825.375 35036.457
41880.332 41418.918 26910.535 26168.936 35119.758
42046.012 42011.590 27128.652 26384.672 35197.094
42315.020 42573.203 27219.324 26453.633 35319.258
41989.363 42628.199 27480.883 26626.150 35374.598
41944.074 42858.168 27677.516 26759.230 35098.465
41646.062 42709.473 27968.455 27025.416 35116.641
41277.676 42660.543 28090.805 27147.824 35234.469
