24469.107 32684.094 26277.041 26232.145
24289.365 31704.340 25930.010 25201.219
23335.451 30106.902 25158.854 24187.611
22357.590 28693.521 24041.311 22790.576
22184.797 27404.473 23643.613 21926.506
21352.691 26745.432 22871.342 20676.338
20738.746 25457.240 22554.363 19886.213
20714.574 25085.031 23190.162 19586.730
20332.797 24363.682 22613.871 19311.252
20254.664 23130.977 22719.102 19159.344
20052.205 23100.717 22780.959 18686.473
20217.709 23696.879 23092.496 18267.146
20743.893 24578.146 23900.959 19236.730
21492.100 24810.938 24852.889 19890.340
21758.650 25562.398 25667.633 20426.416
22060.543 26369.330 27031.807 20846.566
22395.215 26170.576 27571.027 20547.941
22771.920 26001.598 27927.803 20333.748
22928.631 26898.043 28515.760 20690.691
22614.176 27835.826 28627.660 20679.914
23333.586 28636.328 29705.193 21542.434
23924.193 29428.342 30668.771 22535.254
24573.430 30129.586 31259.705 23257.535
25822.494 32262.748 33062.379 24802.123
26967.494 33431.613 33554.977 25493.053
28508.436 35098.750 34671.789 26701.689
29292.535 36123.371 34536.156 27273.672
30075.365 37132.215 35239.848 27722.994
29413.764 36616.656 34066.938 27857.709
29235.240 36772.605 33772.387 28584.053
28740.850 36828.031 33326.855 28012.014
27879.041 36397.387 32560.670 27689.553
27737.686 36736.414 31822.959 27283.611
26968.262 36921.363 31398.826 25977.094
28058.283 37934.629 30968.834 26591.320
29603.900 39784.840 30732.771 26748.705
31093.641 42004.191 30870.561 28122.512
32448.537 43525.363 31921.783 29210.439
34060.742 45290.977 32769.434 31336.225
34911.000 47051.523 34602.793 32731.168
36011.582 47551.184 35334.949 33853.688
36201.516 47651.441 35763.992 33943.312
35748.246 47178.613 37393.742 33868.062
35294.035 46501.000 37429.414 33627.574
34941.691 46601.723 38116.684 32633.137
33365.449 46149.211 37025.621 31014.240
33228.480 46442.941 36903.059 28786.535
33006.242 46156.449 37101.820 27407.521
33418.527 46590.957 37548.602 27373.896
34537.414 48088.582 38415.406 28470.482
35614.578 49856.988 39853.945 30077.260
36632.285 51230.691 41639.039 31769.271
37863.219 53026.504 43800.168 35094.641
38982.746 53810.301 45167.059 37358.496
39870.402 54328.996 46814.414 39296.301
40335.613 54088.395 48449.559 40724.688
40608.223 52941.965 49447.254 41185.004
39507.758 51946.266 49436.281 40016.824
39199.180 50798.520 48607.156 39073.590
38556.523 50234.824 46862.301 37671.770
36983.555 49543.402 46316.980 35409.398
35383.945 49206.500 46110.305 33613.199
35093.477 49648.254 45049.078 33297.602
35581.121 50882.453 44990.629 33250.527
35477.418 52132.598 46043.637 32885.227
36726.410 53366.211 47712.527 33848.273
37872.516 53719.180 49975.727 36334.230
38519.246 54650.680 51626.820 38123.965
38724.730 55276.406 52702.348 40486.559
38903.586 54922.262 52672.508 42713.074
38723.719 53790.305 52746.816 43574.285
38036.695 53352.715 53014.512 43787.855
37792.281 52135.898 52164.180 43201.809
36478.066 50924.953 50487.316 40978.969
35120.168 49718.340 49214.648 38525.535
33818.363 47603.176 47132.898 35296.383
32687.645 47136.969 45635.711 33112.555
31864.502 47168.500 45140.324 31445.588
32005.730 48553.082 46438.684 31549.256
32848.227 49586.277 47968.695 31466.092
33516.629 52466.750 49665.715 32192.904
34968.066 53531.609 51721.023 33241.684
35916.473 55227.328 52998.930 34287.812
37723.109 55711.766 53096.934 36850.582
38415.516 54874.941 53427.766 38291.703
38079.176 53704.117 51426.246 38063.977
37083.141 53566.152 50279.422 37564.969
36199.137 52608.324 49201.145 37612.480
36237.516 50265.777 48001.480 37421.855
34410.773 48671.625 46321.840 35797.379
32977.887 47473.922 46101.555 34589.613
32103.064 45789.000 45546.676 33815.113
31921.105 45253.980 45010.281 32839.797
31483.518 45444.988 45937.391 33000.957
31832.037 45704.277 46031.406 32788.711
31766.627 45320.723 45335.820 31980.965
32119.771 44920.574 44985.891 31993.344
31966.836 44499.867 45218.258 31638.592
32009.686 45503.047 45444.914 31040.107
