4318.661 5547.917 6758.291 5881.319
4292.763 5517.316 6671.036 5822.311
4229.194 5549.411 6635.365 5909.526
4151.373 5581.253 6522.264 5890.893
4109.918 5572.534 6384.846 5761.377
4055.046 5585.927 6181.678 5646.322
3978.562 5580.438 6071.666 5583.548
3893.673 5574.499 5960.611 5543.668
3832.193 5563.412 5931.169 5524.019
3817.349 5518.676 5860.477 5450.306
3729.136 5592.278 5785.383 5325.978
3698.970 5589.983 5690.177 5298.618
3652.635 5565.333 5585.058 5225.309
3642.353 5517.883 5569.775 5188.142
3635.440 5494.822 5511.941 5217.412
3619.621 5555.206 5480.570 5232.361
3640.751 5545.833 5422.491 5229.297
3629.972 5572.020 5410.846 5260.633
3633.000 5509.479 5360.755 5221.371
3642.253 5475.152 5338.030 5179.453
3646.266 5404.904 5394.205 5238.104
3744.785 5352.555 5314.015 5254.561
3746.576 5375.144 5341.064 5218.256
3763.188 5371.714 5357.759 5228.167
3800.244 5452.518 5333.024 5313.382
3846.309 5455.555 5357.574 5354.458
3886.959 5587.126 5349.403 5428.545
3919.529 5695.498 5406.409 5472.629
3979.905 5822.323 5449.417 5603.449
4042.508 5970.855 5536.498 5666.818
4086.768 6194.766 5627.393 5832.498
4147.938 6438.092 5722.397 5946.443
4179.747 6587.348 5834.219 6020.698
4248.781 6764.283 5933.596 6114.638
4235.354 6864.561 5980.039 6255.633
4323.840 6921.940 6084.602 6335.518
4403.186 7016.563 6134.292 6318.171
4459.144 7089.230 6225.683 6408.231
4525.717 7109.909 6284.302 6482.643
4623.333 7118.930 6338.672 6614.478
4696.569 7132.745 6421.969 6660.837
4777.812 7094.134 6478.311 6660.015
4850.772 7046.969 6487.323 6681.908
4952.446 6947.393 6538.159 6745.525
5007.486 6874.044 6528.005 6862.654
5098.112 6790.433 6653.234 6982.354
5211.210 6710.037 6644.548 7092.097
5349.159 6766.888 6681.098 7162.551
5453.695 6733.145 6780.303 7281.451
5574.657 6800.628 6821.025 7541.911
5644.498 6771.550 6875.362 7720.038
5767.519 6878.202 6946.574 7870.735
5879.834 6931.998 7072.797 7984.349
6023.222 7076.183 7188.368 8185.549
6265.882 7361.393 7372.478 8363.394
6390.972 7615.667 7454.270 8540.542
6428.560 7804.010 7588.868 8700.216
6528.149 8013.370 7712.295 8808.574
6600.732 8248.878 7840.971 8914.088
6697.638 8426.432 7874.844 8998.679
6723.780 8533.717 7969.600 9115.791
6753.457 8636.379 7991.650 9129.792
6816.637 8743.470 8020.578 9180.671
6890.830 8763.269 8113.799 9190.518
6918.673 8799.688 8180.900 9271.703
6950.558 8797.319 8118.965 9273.123
6937.180 8639.655 8155.119 9243.203
7004.236 8587.473 8049.769 9126.199
7026.435 8401.798 7999.392 9160.699
7112.383 8265.755 7927.055 9208.554
7237.542 8084.471 7992.913 9393.856
7360.104 8047.323 7933.600 9368.154
7582.513 7943.980 7995.979 9357.315
7705.600 7792.513 7919.083 9473.812
7921.354 7701.573 7953.586 9811.309
8063.957 7524.966 7888.824 10048.891
8355.209 7453.641 7996.950 10415.052
8631.370 7514.639 8053.390 10644.323
8882.327 7582.231 8225.830 10873.556
9170.739 7839.082 8527.375 11180.392
9386.637 7991.465 8717.330 11389.114
9540.569 8167.756 8896.871 11580.874
9651.790 8379.944 9255.202 11845.269
9768.862 8635.285 9518.505 11952.862
9893.849 8958.842 9708.984 11851.269
10050.592 9266.364 9908.256 11866.740
10033.470 9587.640 10032.526 11748.921
9994.062 9850.946 10149.846 11771.468
9979.320 9965.896 10248.846 11635.996
9995.867 9946.481 10425.706 11500.612
9882.769 9958.993 10243.194 11368.525
9806.074 9901.621 10091.387 11181.222
9653.073 9790.837 9982.847 11023.166
9643.457 9702.341 9819.540 10918.900
9597.229 9594.185 9580.658 10949.081
9649.251 9464.034 9463.518 10797.176
9636.236 9279.574 9304.494 10662.144
9752.234 9110.957 9167.681 10597.612
9831.614 8867.626 9041.988 10655.411
9989.171 8619.550 8925.588 10762.369
10207.945 8395.315 8963.553 10874.683
10596.695 8226.933 8863.884 10974.583
10921.810 8050.220 8859.306 10911.581
11433.202 7985.337 8913.823 11118.104
11878.433 7924.378 8982.287 11335.611
12233.784 7810.533 9093.175 11660.462
12606.939 7945.014 9309.354 11972.326
12932.022 8121.910 9528.139 12188.568
13197.794 8327.537 9717.722 12364.488
13394.526 8653.017 9958.063 12637.755
13487.431 8993.932 10126.837 12777.464
13539.748 9316.424 10422.944 12955.859
13498.626 9602.644 10574.177 12985.515
13430.691 9841.892 10710.286 13010.413
13398.272 10150.408 10797.032 12985.686
13311.075 10354.798 10750.215 12807.731
13140.797 10556.021 10805.480 12908.354
13071.899 10629.818 10786.632 12915.194
12798.816 10598.273 10618.987 12844.674
12623.646 10606.106 10611.581 12683.031
12431.761 10495.236 10414.033 12507.526
12204.965 10416.182 10078.447 12245.309
12038.030 10214.466 9897.429 12218.686
11987.894 9977.044 9717.942 12103.911
11821.625 9738.256 9556.710 12065.696
11760.289 9488.475 9380.857 11940.172
11815.692 9298.173 9296.044 12001.761
11967.709 9117.972 9133.031 11995.006
12014.188 8963.055 8998.053 11963.329
12146.317 8644.885 8883.573 12250.636
12273.705 8442.802 8859.664 12358.509
12593.453 8273.666 8913.801 12521.087
12821.997 8143.219 8886.242 12762.761
13076.983 8125.162 9022.051 12811.238
13328.116 8109.775 9182.002 12953.783
13425.054 8080.837 9386.005 13078.497
13543.586 8189.028 9519.748 13102.217
13792.240 8443.244 9752.680 13150.330
13831.768 8710.905 9842.366 13049.385
13999.117 9021.314 10061.068 13000.041
13842.531 9172.753 10191.575 13065.041
13634.562 9272.408 10291.236 12830.896
13425.692 9513.214 10296.578 12489.784
13269.800 9771.386 10321.091 12147.828
13120.095 9953.131 10297.190 11986.903
12870.319 10108.875 10245.673 11729.438
12633.310 10215.777 10102.561 11555.380
12438.104 10270.722 9966.748 11395.798
12165.826 10254.406 9686.502 10917.493
11908.739 10213.260 9566.896 10752.845
11619.441 10125.005 9271.557 10636.552
11364.036 9921.885 8988.219 10458.428
11327.735 9768.096 8878.651 10334.265
11170.811 9504.616 8695.841 10287.487
11178.423 9364.782 8576.266 10126.132
11084.727 9161.097 8328.598 10078.079
11090.993 9058.653 8252.448 10060.697
11120.856 8874.024 8027.604 9992.029
11105.679 8749.842 7992.161 9992.948
11115.076 8670.480 8051.318 10049.498
11175.699 8533.624 8106.483 10079.139
11214.236 8427.875 8170.768 10004.923
11136.184 8321.022 8155.080 9988.941
11196.419 8273.297 8193.292 9922.045
11141.050 8168.825 8196.311 9839.097
10952.019 8170.028 8245.979 9802.484
10914.010 8235.878 8317.099 9714.042
10763.259 8318.552 8306.152 9557.798
10711.167 8397.891 8393.369 9484.067
10529.161 8462.279 8415.542 9438.680
10337.320 8523.766 8578.998 9352.504
10119.534 8634.308 8597.864 9297.950
9928.096 8727.748 8602.213 9073.423
9823.529 8860.666 8649.293 9021.729
9697.437 8857.680 8680.536 8811.412
9500.090 8974.059 8634.861 8687.967
9337.581 9065.915 8614.290 8530.703
9125.465 8995.984 8527.686 8353.857
8959.579 8997.099 8435.511 8247.154
8789.302 9074.086 8382.727 8064.547
8603.717 9044.451 8268.157 7936.684
8607.252 9003.188 8130.926 7903.559
8437.106 8969.240 8020.443 7775.005
8334.042 8815.608 7868.533 7709.520
8381.130 8783.845 7796.101 7625.820
8397.747 8734.640 7700.279 7434.958
8383.781 8649.151 7667.607 7190.828
8357.171 8511.723 7652.265 7099.542
8292.129 8473.899 7700.357 7182.003
8252.984 8380.368 7645.181 7098.042
8144.887 8280.634 7670.052 6888.761
8066.390 8150.020 7589.563 6916.102
7978.865 8077.102 7572.355 6848.403
7963.391 8002.470 7474.174 6739.110
7883.518 7940.398 7354.143 6825.699
7678.568 7697.518 7206.501 6577.255
7819.999 7817.543 7337.701 6667.034
7695.350 7752.366 7187.559 6512.115
7737.763 7869.454 7263.791 6620.143
