7252.050 8908.779 11309.396
6604.110 8378.582 10740.492
6134.887 8399.920 10356.665
5815.087 7954.109 9858.641
5546.010 7535.386 9438.418
5114.319 6988.371 9096.964
4963.720 6415.000 8773.383
4727.916 6188.576 8527.204
4765.347 6044.190 8309.676
4796.935 6057.612 8395.551
4817.652 5807.982 8251.705
5001.440 5761.257 8494.237
4990.746 5802.938 8326.108
5226.251 5887.422 8635.270
5184.703 6042.207 8673.046
5107.068 5892.308 8713.069
4993.005 5775.228 8567.690
4908.291 5640.084 8634.005
5045.669 5727.490 8806.050
5008.402 5554.512 8898.097
5076.795 5594.912 9214.163
5276.149 5713.902 9446.491
5408.911 5713.296 9604.872
5500.093 5988.185 9643.471
5512.230 6075.264 9756.587
5732.896 6284.249 10076.244
5784.117 6095.500 10045.780
5795.607 6098.975 10131.185
5751.888 5954.158 10031.062
5856.842 5716.016 10079.742
5850.818 5589.507 9880.967
5855.989 5383.085 9897.782
5808.250 5241.731 9751.593
5946.051 5307.033 9924.797
6210.934 5562.903 10465.272
6492.183 5783.139 10770.331
7109.844 6260.712 11392.437
7445.911 6433.329 11430.734
7780.391 6653.602 11699.625
7829.818 6686.986 11763.772
7880.934 6598.996 11917.945
7788.504 6565.562 11757.080
7613.561 6310.507 11476.982
7727.467 6284.312 11504.484
7340.102 6132.902 11440.855
7242.999 6150.757 12015.479
7134.634 6333.131 12705.977
7286.386 6630.460 13309.637
7386.163 7024.661 13580.079
8051.656 7506.597 13931.946
8499.750 7959.803 14360.978
8812.343 7935.505 14199.681
9176.531 8017.007 14206.051
9201.244 8096.150 13867.919
9157.494 7911.094 13938.504
9107.116 7794.932 13662.823
8609.356 7426.450 13210.735
8391.101 7280.975 13012.482
8205.213 7046.346 13370.740
8070.959 6968.260 13641.147
8111.130 7151.000 14061.518
8406.667 7516.180 14392.102
8585.148 7864.210 14749.908
9000.346 8289.434 15068.019
9343.877 8443.699 15138.151
9592.839 8501.129 14819.912
9674.399 8476.189 14712.786
9523.867 8574.977 14268.436
9317.111 7917.399 13882.554
9064.978 7764.103 13584.959
8737.825 7455.373 13428.788
8460.670 7238.016 13558.128
8295.268 7141.929 13947.644
8179.243 7093.016 14592.825
8132.206 7242.336 15008.392
8023.338 7371.742 15406.256
8346.618 7558.194 15611.102
8719.168 7559.251 15471.016
9362.811 7725.709 15780.063
9688.265 7961.321 15326.831
9772.809 7884.856 14908.386
9579.562 7770.187 14645.239
9406.576 7826.978 14634.231
9260.513 7503.546 14289.153
8969.515 7316.339 14224.166
8561.906 7064.828 13736.363
8556.925 6819.974 14012.509
8315.865 6686.628 14016.805
8100.394 6704.650 14155.327
7960.748 6750.644 14144.074
8048.548 7106.398 14200.527
