11567.151 6964.348 10127.988 10244.526 9021.202 8625.561
12387.573 7102.712 10906.426 11383.212 10112.443 9169.965
12500.729 7346.007 11044.594 11435.409 10448.292 9205.776
12504.766 7534.736 11279.709 11907.335 10750.275 9305.066
12623.575 7370.857 11397.108 12234.010 10890.605 9446.160
12539.494 7470.780 11489.245 12692.604 11134.677 9575.102
11894.980 7095.490 10982.131 12093.503 10703.069 9116.380
11338.379 6812.075 10657.510 11765.264 10584.496 8872.136
11191.423 6733.289 10700.104 11827.097 10674.755 8865.872
11069.084 6655.300 10644.542 11872.321 10769.859 8822.910
10520.675 6522.670 10236.522 11418.480 10334.652 8468.423
10067.415 6359.064 10081.181 11155.406 10085.173 8240.672
9828.233 6307.539 10008.409 11195.449 9998.719 8174.965
9699.395 6333.523 10036.926 11298.286 9877.886 8188.765
9380.687 6216.190 9750.892 10954.886 9573.282 7962.360
9073.601 6079.493 9591.207 10724.313 9420.450 7787.290
9052.749 6140.535 9629.060 10744.118 9384.128 7791.835
9127.249 6318.434 9897.169 10983.580 9553.123 7958.219
8862.105 6387.022 9724.868 10927.218 9407.992 7869.893
8600.030 6242.040 9579.358 10769.242 9067.882 7694.795
8700.460 6477.419 9767.474 11009.560 9122.132 7813.456
8920.744 6791.337 10020.981 11363.495 9389.089 8023.543
9038.443 6915.229 10121.882 11467.254 9518.334 8097.479
8785.857 6929.241 9750.784 11251.746 9421.694 7929.723
8888.135 7148.369 9826.581 11362.125 9607.522 8033.022
9150.835 7406.419 10141.127 11684.234 9775.646 8248.858
9319.171 7700.331 10311.991 11983.728 10050.096 8425.087
9036.517 7610.596 10077.771 11672.104 9750.560 8224.569
9117.588 7826.018 10216.968 11659.783 9795.940 8298.317
9372.327 8053.315 10528.276 11866.154 10130.683 8502.010
9613.459 8174.029 10880.458 12063.071 10360.438 8722.000
9159.642 7804.518 10444.990 11417.406 9793.360 8335.727
9206.963 7836.755 10575.012 11320.873 9773.297 8369.482
9220.551 7999.182 10683.564 11297.567 9791.819 8451.159
9370.373 8284.891 11114.352 11532.645 10064.322 8725.076
8927.367 7813.729 10654.699 10833.337 9618.452 8348.125
9007.320 7965.867 10877.484 10804.093 9690.334 8479.226
8932.512 7965.854 10988.079 10611.312 9592.116 8469.619
9029.895 8182.138 11222.057 10699.614 9760.345 8634.199
8683.933 7879.187 10900.817 10244.484 9303.069 8337.194
8840.361 8035.813 11167.639 10355.642 9467.285 8505.495
9011.049 8231.996 11368.528 10558.247 9584.363 8675.801
9228.046 8439.631 11715.853 10781.062 9792.508 8894.734
9122.771 8372.491 11471.268 10560.183 9532.750 8734.459
9482.390 8538.525 11788.859 10848.761 9636.604 8922.933
9825.773 8796.881 12132.390 11182.723 9867.342 9174.460
10231.794 9011.686 12346.702 11482.039 10061.598 9404.657
10270.484 9051.707 12226.707 11263.456 9946.038 9336.088
10701.210 9310.005 12466.672 11582.101 10167.456 9538.781
11190.586 9487.677 12694.017 11888.613 10478.871 9789.784
11558.974 9692.383 12891.833 12035.643 10691.942 9981.740
11592.289 9622.942 12641.270 11749.858 10484.656 9829.186
11887.137 9884.256 12830.976 11812.377 10701.152 10018.427
12066.527 10060.524 12961.724 11849.950 10766.562 10111.258
12388.668 10349.849 13179.188 11984.823 11003.476 10360.826
12071.380 10140.553 12893.775 11641.916 10760.888 10137.380
12128.894 10243.534 12820.920 11653.676 10801.667 10125.390
12289.847 10304.291 13026.671 11736.021 10884.630 10236.021
12247.776 10173.443 12948.607 11602.455 10835.457 10209.184
11940.001 9978.044 12582.081 11212.599 10479.679 9959.290
11786.212 9884.857 12644.023 10942.798 10358.986 9892.190
11792.163 9996.804 12848.218 10924.806 10426.364 9995.382
11781.285 10059.897 12972.900 10943.839 10419.222 10087.011
11341.627 9724.750 12752.105 10340.965 10077.534 9792.252
11238.001 9811.855 12939.677 10230.689 9950.670 9784.191
11388.357 9893.735 13272.089 10373.027 10018.375 9947.253
11375.964 9985.035 13288.411 10292.630 9974.340 9984.816
11336.324 9953.456 13340.001 10298.315 9916.481 10006.050
11424.165 9946.373 13520.718 10508.073 9994.383 10124.234
11831.791 10115.352 13952.264 10874.137 10181.267 10477.428
12172.005 10372.106 14247.967 11275.166 10432.021 10753.438
12396.759 10275.109 14357.660 11481.454 10395.347 10831.538
12720.071 10514.178 14527.693 11845.721 10606.098 11028.241
13224.208 10855.539 14925.516 12356.825 10968.223 11395.283
13598.739 11197.394 15089.875 12837.158 11265.862 11679.664
13689.295 11189.897 14876.335 13005.051 11334.426 11691.330
14011.570 11550.107 14966.822 13224.568 11751.263 11937.457
14377.242 11797.964 15225.402 13555.300 12085.790 12211.887
14585.955 11926.934 15256.365 13720.812 12357.062 12392.188
14432.544 11764.141 14949.758 13547.545 12253.684 12251.589
14411.231 11877.367 14923.779 13450.106 12434.408 12267.570
14630.525 12047.123 15115.786 13688.503 12747.314 12463.284
14596.061 12024.548 15148.146 13734.041 12730.207 12507.052
13935.786 11613.572 14665.799 13153.481 12360.752 12085.636
13817.088 11501.777 14765.456 12901.628 12343.233 12059.726
13710.922 11605.642 14878.871 12812.954 12374.372 12064.206
13552.793 11563.932 14881.653 12693.264 12359.326 12073.153
12914.334 10984.735 14550.359 12219.401 11831.471 11680.152
12636.364 10897.033 14678.510 11946.374 11640.209 11601.353
12604.525 11095.274 15079.639 12007.747 11694.776 11762.577
12548.563 11126.635 15585.539 12095.954 11796.446 11939.688
12141.887 10830.779 15411.077 11830.111 11421.874 11733.792
12125.830 10722.517 15539.381 11869.413 11291.147 11724.677
12369.657 11103.356 16146.473 12186.943 11587.675 12083.872
12942.825 11300.006 16746.648 12593.386 11905.783 12524.919
12942.382 11095.108 16637.664 12610.027 11813.385 12452.325
13083.866 11061.340 16625.803 12811.314 11793.487 12529.512
13761.628 11529.573 17304.352 13593.352 12343.016 13103.927
14627.533 12054.035 17900.709 14444.126 13016.823 13735.686
14849.682 12080.113 17673.379 14743.314 13099.233 13815.753
15158.811 12432.049 17694.410 15050.141 13276.061 13974.702
15849.123 12903.805 18171.025 15712.886 13893.486 14509.454
16475.549 13226.463 18431.475 16295.936 14425.752 14934.114
16341.297 13081.346 17762.760 16124.348 14292.241 14710.765
16295.388 12921.766 17357.301 15861.254 14235.360 14528.029
16755.467 13442.806 17596.896 16246.010 14613.388 14891.500
16932.051 13725.295 17624.650 16316.351 15021.734 15062.396
16601.547 13350.267 17312.162 15961.823 14903.387 14828.306
16081.678 12784.792 16650.719 15255.246 14561.491 14354.316
15847.575 12655.132 16324.365 15190.299 14482.259 14214.377
15905.372 12832.713 16363.649 15080.604 14587.540 14292.873
15717.077 12778.014 16287.771 14781.390 14582.796 14238.521
14951.785 12179.734 15638.520 14028.265 13931.097 13618.459
14723.264 12100.948 15754.425 13766.025 13802.025 13533.797
14735.032 12117.476 16082.542 13726.490 13881.242 13664.790
14674.399 12031.222 16511.871 13777.094 13947.511 13784.191
13944.736 11398.209 16184.649 13192.775 13296.179 13215.864
13990.040 11416.781 16568.961 13232.407 13302.118 13361.080
14048.167 11321.125 17023.619 13389.108 13306.803 13478.072
14541.253 11637.550 17834.580 13947.197 13859.775 14008.668
14227.278 11392.430 17655.309 13708.442 13481.094 13761.071
14812.266 11647.229 18051.512 14288.902 13762.806 14128.078
15361.363 11976.745 18612.629 14946.690 14214.046 14607.370
16311.901 12577.982 19375.215 15905.825 14858.711 15362.266
16381.814 12554.760 18892.414 15961.361 15066.018 15238.472
16913.539 12749.168 18895.480 16455.902 15094.049 15508.617
17914.799 13208.346 19364.869 17263.396 15799.351 16158.043
18782.602 13755.093 19900.668 18186.828 16392.514 16872.293
18780.129 13627.147 19170.131 17868.459 16344.867 16642.434
19001.943 13798.723 19032.305 18057.820 16467.504 16767.662
19485.854 14236.069 19161.121 18364.059 16933.285 17112.256
20040.711 14350.333 19280.658 18723.838 17475.768 17484.615
19375.363 13776.021 18309.256 17931.104 16983.617 16865.314
19582.918 13771.056 17919.672 17680.396 17151.961 16827.266
19764.158 13806.654 17845.836 17550.568 17421.861 16909.277
19849.340 13778.572 17959.473 17511.096 17664.172 16988.865
18949.727 13088.140 17084.625 16604.359 17206.793 16299.104
18417.367 12690.696 16700.598 16032.792 16863.322 15934.299
18673.689 12779.670 17111.361 16025.779 17071.475 16133.933
18298.697 12549.973 17037.475 15791.391 17019.041 16062.419
17554.346 12215.360 16857.891 15249.346 16584.215 15639.160
16694.449 11603.147 16538.891 14491.129 16044.762 15087.896
16659.961 11617.486 16918.180 14643.498 16085.582 15200.982
16668.365 11631.537 17436.238 14713.876 16225.048 15387.899
16402.699 11490.096 17570.352 14676.243 16126.902 15284.736
15753.057 11080.438 17398.455 14310.286 15622.249 14848.077
16104.363 11322.401 18164.326 14752.551 15990.331 15264.143
16484.508 11402.300 18707.773 15422.512 16214.268 15613.134
16952.531 11509.420 19021.023 15860.491 16359.711 15920.919
16657.049 11418.493 18668.383 15760.315 15930.913 15635.840
17571.936 11881.699 19341.988 16700.670 16236.770 16264.860
18453.088 12407.738 19867.039 17470.252 16541.617 16828.846
19187.740 12729.144 20319.451 18062.018 16965.299 17339.658
19184.980 12812.479 19718.248 18088.615 16605.869 17207.402
19968.705 13318.872 19875.061 18581.900 16946.178 17687.195
20885.113 13968.447 20273.742 19206.426 17342.582 18335.021
21745.393 14684.643 20447.916 19716.637 17863.219 18891.762
21245.953 14665.973 19509.619 18734.246 17165.326 18338.705
21934.180 14884.995 19672.701 18980.830 17385.359 18641.324
22553.576 15631.649 19701.318 19109.322 17729.887 19066.156
22769.723 15637.060 19819.244 19117.293 17929.398 19194.316
22070.064 15134.932 18944.199 18325.570 17342.852 18577.668
22034.471 15081.218 18716.066 17884.645 17350.830 18496.438
22156.389 15264.557 18768.518 17788.488 17207.078 18586.258
22367.660 15264.725 18908.211 17929.740 17463.725 18776.336
21429.105 14898.443 18297.658 16907.361 16659.445 18008.207
21127.201 14661.943 18295.158 16565.820 16400.857 17793.258
21141.031 14540.739 18675.641 16526.402 16590.627 17912.037
21064.922 14606.368 19031.447 16420.863 16670.594 17966.473
20065.678 13804.378 18651.016 15779.682 16058.104 17289.979
19943.758 13625.184 18920.211 15730.758 15887.869 17173.283
19859.605 13488.693 19340.699 15654.851 15927.038 17178.012
20063.662 13276.057 19941.457 16007.331 16112.349 17357.010
19622.309 12854.430 19881.512 15737.587 15695.354 16949.596
19757.594 13026.070 20269.787 16298.171 15872.742 17143.465
19771.965 13084.744 20479.498 16626.557 15883.328 17209.574
20379.607 13218.889 21160.191 17471.418 16198.787 17636.488
20012.604 12963.162 20801.666 17594.625 15915.767 17289.379
20031.133 12987.941 20775.461 17677.691 15955.539 17277.158
20673.105 13527.926 21112.268 18427.617 16291.846 17722.574
21333.783 14032.374 21590.000 19314.613 16850.219 18300.326
21352.701 13972.688 21026.574 19135.209 16753.855 18101.080
21107.504 13911.819 20349.641 18827.166 16223.429 17724.381
21716.184 14358.641 20740.100 19253.188 16577.898 18124.889
21986.996 14768.575 20876.369 19365.129 16813.639 18319.586
21843.461 14800.304 20420.326 18862.521 16768.494 18109.184
21406.857 14787.266 19715.596 18245.566 16404.133 17692.414
21732.131 15328.512 20015.064 18665.047 16844.207 18055.512
21533.754 15495.627 19667.754 18506.527 16784.180 17925.932
21452.395 15608.880 19650.943 18394.893 16660.094 17901.627
20767.160 15362.587 18958.723 17685.143 16097.913 17303.760
20927.186 15735.125 19270.566 17857.295 16276.120 17499.691
20895.951 15643.840 19428.680 17811.156 16448.086 17498.348
