6184.703 4410.552 5545.601 5155.843
6094.459 4440.378 5686.968 5152.122
5938.234 4397.654 5666.619 5018.041
5798.475 4283.384 5451.482 4862.469
5732.932 4171.982 5243.917 4758.083
5679.493 4147.451 5166.521 4704.415
5643.088 4105.625 5048.583 4628.017
5618.107 4103.613 4998.695 4568.254
5639.538 4113.938 4963.461 4545.654
5622.050 4105.093 4841.849 4477.609
5586.056 4096.979 4736.709 4407.421
5569.942 4082.462 4653.131 4384.851
5625.882 4093.166 4613.335 4353.512
5654.072 4103.287 4548.350 4326.976
5648.225 4105.844 4488.726 4247.973
5629.396 4083.802 4420.574 4232.343
5646.142 4088.876 4406.767 4118.380
5624.318 4096.333 4337.028 4053.611
5641.695 4115.680 4318.260 4015.665
5604.460 4111.091 4266.200 3962.769
5629.253 4177.092 4281.175 3924.571
5602.637 4225.204 4242.063 3853.823
5614.917 4239.245 4221.951 3816.239
5628.387 4277.628 4192.642 3766.429
5642.902 4289.848 4207.354 3748.102
5693.193 4353.501 4225.669 3709.665
5759.721 4452.436 4243.622 3668.078
5831.067 4542.255 4304.713 3673.345
5941.470 4636.751 4348.410 3652.063
5987.140 4709.132 4351.932 3689.087
6029.818 4758.378 4336.293 3686.269
6151.403 4835.375 4333.512 3709.862
6178.172 5000.366 4400.663 3749.401
6265.224 5121.426 4454.763 3767.425
6286.052 5224.315 4398.263 3766.681
6358.833 5331.285 4423.652 3794.755
6398.657 5426.582 4411.875 3830.608
6415.365 5514.466 4394.609 3868.540
6497.975 5662.938 4451.651 3920.211
6508.503 5706.829 4460.673 3959.740
6626.086 5828.567 4509.030 4014.878
6607.243 5857.610 4457.610 4052.427
6634.197 5921.888 4431.983 4062.034
6638.127 5967.214 4434.279 4042.724
6543.600 5977.345 4387.349 3990.723
6487.979 5978.121 4348.155 4010.457
6483.204 6030.991 4370.526 4014.028
6474.098 6054.862 4371.939 3989.311
6385.348 6071.423 4352.203 3968.776
6403.323 6037.140 4354.591 3990.768
6455.713 6087.946 4374.036 3977.205
6486.160 6140.775 4387.156 3989.977
6549.593 6240.184 4424.218 4031.066
6540.529 6302.611 4445.053 3983.865
6593.113 6406.770 4452.893 4026.530
6699.567 6548.070 4536.327 4069.968
6792.312 6694.128 4576.862 4124.503
6897.055 6857.354 4640.292 4154.582
7018.451 7040.156 4687.785 4245.334
7176.984 7233.157 4757.773 4261.206
7323.056 7413.412 4853.260 4312.405
7411.850 7584.045 4838.377 4404.869
7632.595 7731.068 4861.115 4516.516
7828.154 7904.653 4894.102 4613.143
7907.694 8112.204 4957.379 4679.877
8043.010 8204.866 4970.858 4764.582
8203.459 8320.685 5008.979 4798.892
8280.507 8320.814 4963.306 4851.058
8424.503 8335.953 4959.861 4981.794
8524.142 8411.450 4948.991 4999.277
8511.722 8353.984 4896.299 5126.612
8504.093 8356.585 4895.279 5185.623
8513.832 8250.948 4865.148 5254.516
8454.033 8182.325 4797.683 5273.446
8350.840 8043.403 4754.465 5272.002
8286.128 7966.258 4727.392 5310.208
8193.053 7889.625 4689.264 5323.003
8248.005 7862.275 4686.367 5362.065
8163.103 7813.912 4674.990 5255.441
8163.010 7820.402 4696.879 5260.324
8123.746 7784.142 4750.963 5323.863
8173.300 7874.049 4773.999 5316.090
8192.012 7943.845 4843.970 5333.989
8189.888 8003.701 4906.523 5373.321
8258.789 8130.585 4968.879 5443.981
8367.822 8334.311 5058.012 5495.929
8463.746 8538.528 5163.152 5642.561
8632.186 8721.270 5222.659 5715.821
8789.842 8923.590 5320.513 5833.652
8998.842 9255.760 5422.641 5891.399
9244.329 9477.881 5472.011 6061.196
9513.630 9693.989 5513.672 6242.013
9697.861 9897.077 5576.582 6345.763
9919.442 10051.567 5587.425 6446.751
10123.474 10257.737 5601.607 6511.054
10376.536 10384.547 5570.613 6569.029
10553.984 10470.363 5615.826 6718.595
10608.599 10495.420 5552.904 6769.315
10698.508 10536.465 5517.150 6836.874
10792.210 10511.797 5445.878 6887.945
10818.376 10481.334 5424.012 6950.896
10898.061 10471.898 5404.257 7013.555
10706.087 10381.360 5332.743 6984.547
10639.284 10236.923 5263.809 6957.231
10425.004 10151.827 5273.040 6946.814
10272.607 9995.991 5266.480 6952.359
10128.877 9918.108 5253.031 6952.471
9933.455 9842.551 5299.154 6916.740
9760.135 9761.946 5323.596 6916.789
9567.528 9631.707 5313.946 6891.500
9497.927 9564.635 5363.695 6843.234
9354.716 9484.623 5372.269 6802.113
9274.377 9509.817 5432.255 6789.149
9257.812 9556.807 5538.157 6821.513
9281.091 9644.029 5611.138 6884.373
9406.399 9815.530 5746.654 6970.984
9506.033 10002.468 5852.360 7015.552
9698.340 10231.443 5997.780 7238.555
9818.890 10446.200 6091.481 7346.361
10009.646 10706.035 6221.798 7485.548
10225.007 11004.119 6309.925 7587.109
10563.873 11214.298 6415.416 7696.560
10864.016 11422.378 6519.741 7890.749
11043.502 11631.794 6600.875 8055.575
11279.106 11808.757 6626.107 8167.589
11598.076 12035.657 6719.162 8307.560
11819.611 12076.305 6766.946 8397.676
12007.557 12245.973 6854.819 8517.610
12118.802 12279.334 6854.365 8658.479
12084.452 12280.163 6777.171 8693.859
12089.317 12209.198 6770.193 8694.734
12075.248 12155.742 6730.047 8782.138
12032.474 12084.144 6702.563 8824.723
11974.787 12025.288 6671.211 8802.905
12004.272 11881.542 6638.208 8837.027
11935.516 11811.866 6618.327 8875.002
11940.231 11753.437 6605.012 8859.739
12003.044 11626.742 6621.747 8866.487
11780.411 11524.708 6600.547 8792.539
11710.582 11423.834 6589.388 8829.806
11647.257 11404.346 6667.664 8803.890
11617.947 11401.068 6713.429 8811.314
11570.863 11448.896 6849.932 8800.102
11590.824 11545.101 6950.134 8846.113
11693.930 11601.712 7066.999 8887.948
11646.398 11763.602 7221.723 8946.149
11773.938 11981.353 7384.113 9058.036
11864.405 12252.487 7530.261 9128.369
12019.526 12582.758 7681.804 9262.399
12121.312 12742.179 7867.231 9316.397
12211.751 13014.854 8018.906 9418.838
12420.647 13276.640 8206.981 9593.850
12575.331 13648.579 8448.389 9717.255
12824.845 13928.108 8560.172 9922.565
13043.222 14179.841 8741.384 10124.202
13138.899 14427.864 8884.195 10193.061
13254.816 14667.004 9027.994 10293.816
13601.461 14879.126 9192.708 10540.760
13651.188 15008.031 9292.271 10599.931
13891.304 15199.637 9407.818 10755.313
13976.090 15291.117 9481.905 10845.344
14042.047 15359.294 9525.243 10931.216
14163.402 15283.146 9548.684 10979.205
14240.718 15261.273 9611.556 11032.896
14314.256 15242.767 9644.596 11048.365
14276.952 15168.746 9655.178 11044.636
14363.130 15165.423 9703.489 11033.244
