26374.646 30971.127 30569.807
26411.332 32240.404 30189.047
25901.490 32589.984 29360.889
24842.014 32616.959 27466.289
23153.502 31228.264 26169.045
22246.107 30042.238 24586.828
21510.207 28820.672 23662.248
21036.664 27734.234 22824.637
20423.604 26526.930 22433.844
20143.514 25783.061 22247.527
19833.969 24863.559 22076.287
19380.908 24413.715 21667.721
19635.729 23924.986 21611.867
19766.992 23700.941 21479.289
19820.006 23900.945 21631.654
20082.463 24150.025 21593.127
20012.844 24843.082 21642.596
20493.494 25569.119 22113.404
21141.082 26436.482 22710.865
21601.121 27101.854 23476.254
22237.471 28102.744 24161.750
22570.480 28778.672 25083.443
22916.068 29552.701 25572.219
23500.420 30480.225 26208.033
24139.566 31135.654 27186.992
25269.869 32189.689 27931.484
26281.201 33171.680 29070.631
27694.639 34545.930 29994.186
29620.463 36031.848 31274.225
31316.445 37713.746 32515.043
32843.836 39611.727 34105.465
33824.699 41351.836 35345.551
34952.410 43144.156 36796.840
35472.297 44211.176 37892.465
35811.793 44904.129 38492.762
35856.746 45480.719 39262.594
35716.816 45522.910 39769.605
35633.305 45436.883 40082.410
35352.293 45433.520 40043.840
34895.324 44997.297 40459.355
34622.027 44469.957 40762.535
34428.332 44199.656 40805.652
34613.133 44604.438 41179.637
34761.164 45135.078 42183.457
35297.613 45665.207 43052.672
35433.711 46776.230 43665.828
35640.086 48420.176 44924.898
36040.613 49148.207 45922.355
36685.191 50230.996 46496.918
36349.223 50728.605 47055.863
36838.105 50724.992 47424.754
36421.438 50562.051 47887.434
35957.508 50348.738 47825.379
35642.105 50359.641 47579.270
35235.988 49590.227 47771.551
34738.949 49476.051 47876.848
34654.227 49548.199 48247.207
34814.238 49596.016 48367.555
35485.594 50437.363 49402.395
36628.406 51072.078 50438.738
37467.160 52136.371 51187.918
38115.012 52904.332 52040.895
38156.184 53954.051 52470.324
37711.586 54721.562 52515.348
37719.574 54814.793 52564.238
37835.945 55154.160 52180.336
36993.281 55235.434 52024.750
35873.359 55246.797 51101.969
34649.707 54687.809 50873.750
33792.742 53845.090 50362.684
33509.469 53664.223 50343.410
33475.836 53577.375 51169.398
32886.102 53355.219 52277.254
33467.434 53697.828 53373.664
33960.961 54031.348 54401.828
34485.828 54135.062 55432.051
34907.781 54765.855 55961.578
35034.020 55348.969 56447.918
35257.371 55553.133 56395.598
34390.496 55901.863 56211.328
33907.402 55551.188 55795.859
33573.965 55170.492 55274.957
33053.703 55006.297 54597.293
32625.715 54941.281 53977.059
32071.445 54120.141 52892.594
31672.768 53513.199 52423.660
30780.305 52855.371 52126.816
30433.404 53035.473 52655.930
30679.543 52765.379 53420.312
31077.229 53277.117 54426.965
31376.926 53857.477 55576.801
31484.549 53968.953 56285.414
31456.699 54251.465 56360.016
30926.322 54530.012 56380.582
30362.289 54348.965 56106.828
30303.885 54043.766 55827.562
29668.766 53846.051 55125.977
28684.945 53505.508 54222.977
