10006.975 8588.624 9314.420 9394.295 9253.903
10669.645 9265.888 9636.970 9826.246 10031.660
10660.367 9359.790 9194.383 9738.526 10077.291
10449.983 9189.125 8918.446 9436.968 10155.244
10363.258 8999.140 8703.882 9061.722 10397.111
10090.474 9021.293 8408.426 8908.597 10196.804
9576.450 8679.396 7757.975 8076.150 9387.102
9025.232 8216.154 7267.576 7423.002 8578.723
8952.250 8182.541 6962.539 7164.997 8363.408
8700.062 8114.922 6636.985 6823.477 8150.437
8305.604 7906.731 6250.452 6413.272 7623.364
7923.341 7687.696 5803.528 5900.774 7186.665
7748.227 7736.892 5583.660 5651.996 7009.801
7731.644 7778.385 5517.708 5553.665 6900.592
7650.353 7836.166 5436.800 5398.992 6734.228
7310.005 7749.761 5210.500 5118.281 6482.528
7361.336 8070.030 5127.201 4922.823 6392.668
7407.279 8517.264 5192.785 4942.310 6402.065
7431.466 8888.243 5238.766 4999.772 6394.660
7295.298 9053.207 5135.611 4928.228 6175.460
7394.189 9599.487 5230.583 4939.597 6314.214
7538.653 10131.806 5318.067 5051.260 6450.918
7720.436 10755.232 5534.814 5259.877 6725.385
7462.124 10689.171 5418.848 5149.219 6380.992
7372.441 11062.233 5509.540 5166.239 6415.968
7572.751 11650.395 5692.341 5261.066 6543.401
7722.938 12235.235 5918.163 5446.771 6828.020
7395.253 12047.854 5706.680 5312.046 6582.919
7462.747 12240.520 5725.185 5378.300 6615.550
7435.538 12356.518 5866.393 5458.791 6517.296
7607.973 12627.161 5968.406 5541.748 6646.299
7265.198 12227.771 5861.863 5354.075 6454.925
7241.029 12155.751 5748.836 5321.577 6424.373
7271.741 12243.759 5836.604 5403.677 6346.427
7329.205 12427.154 5856.989 5536.500 6356.339
7177.773 12052.260 5804.037 5469.300 6101.823
7231.516 11987.611 5744.638 5498.444 6167.583
7329.386 11940.423 5703.917 5421.437 5990.021
7473.639 12066.834 5852.804 5500.423 6054.856
7512.280 11920.813 5800.932 5464.156 6109.396
7652.972 12047.729 5781.283 5562.882 6247.864
7866.377 12439.469 5854.724 5695.223 6348.459
8267.031 13095.418 6013.621 6063.926 6734.938
8278.173 13234.562 6005.519 6082.252 6690.144
8509.492 13807.182 6069.544 6224.757 6800.377
8894.452 14701.787 6387.781 6559.818 7042.076
9038.834 15404.998 6702.413 6959.561 7356.563
9001.361 15833.167 6900.091 7112.210 7334.736
9349.480 16487.594 7157.271 7323.403 7404.793
9628.408 16969.451 7400.336 7541.595 7448.401
9892.350 17512.113 7708.186 7911.708 7542.166
9635.867 17035.707 7648.944 7900.886 7275.988
9642.062 17076.555 7798.498 8211.578 7359.596
9877.924 17187.637 7992.591 8403.202 7381.428
10146.753 17063.812 8108.030 8590.049 7225.346
10008.044 16582.996 8025.470 8649.384 7123.962
9935.969 16194.748 8177.995 8547.360 6965.006
10268.406 15950.164 8272.608 8541.023 6959.327
10333.240 15723.361 8220.545 8542.885 6809.816
10196.795 14977.392 7932.973 8292.571 6776.360
10326.282 14438.257 7833.541 8122.603 6736.385
10770.863 14388.542 7977.879 8234.313 6796.545
11094.393 14178.213 7891.452 8222.730 6855.771
11129.731 13757.257 7691.959 8082.147 6816.515
11437.388 13597.478 7512.468 7926.103 6788.707
11928.232 13854.311 7560.927 7935.837 6893.842
12295.699 14084.890 7621.721 7914.703 7004.377
12549.712 14274.422 7454.927 7950.741 7166.498
12919.245 14726.029 7525.055 8055.770 7361.456
13604.485 15595.541 7808.180 8384.793 7690.888
14070.453 16581.541 8033.888 8739.528 8041.822
14213.718 17077.076 8083.167 8819.056 8138.934
14469.081 17866.023 8460.147 9122.261 8226.286
14921.688 18676.025 8863.538 9431.058 8295.069
15445.596 19403.568 9454.724 10116.589 8594.517
15358.706 19502.068 9683.995 10365.979 8511.227
15272.218 19642.350 9940.615 10602.144 8535.416
15523.642 19892.494 10242.686 11035.864 8588.918
15367.329 19830.320 10421.763 11279.940 8441.991
14933.381 19200.986 10464.484 11315.973 8355.827
14901.753 18792.377 10347.777 11210.826 8291.662
14859.497 18637.590 10651.827 11462.504 8131.263
14708.668 18236.246 10724.729 11584.105 8006.568
14252.376 17453.244 10678.774 11415.029 7631.462
14346.246 17054.328 10724.566 11291.108 7416.500
14485.213 16577.361 10685.686 11148.394 7310.234
14630.303 16319.596 10661.246 10936.661 7116.623
14411.327 15737.273 10446.568 10617.188 7042.245
14451.453 15408.460 10306.075 10500.895 6956.097
14939.311 15412.857 10525.150 10313.622 6987.374
15537.967 15778.236 10879.953 10526.723 7309.817
15413.812 15692.916 10740.642 10336.190 7398.673
15250.638 15803.394 10480.259 9886.296 7340.103
15950.219 16673.605 10752.952 9914.254 7601.673
16628.807 17764.432 11016.377 10354.383 8132.823
16578.953 18186.018 11095.604 10359.337 8154.839
16571.320 18627.199 11311.168 10455.603 8233.264
17144.145 19670.078 11741.230 11038.354 8543.915
17506.270 20592.408 12502.388 11901.645 8911.579
17517.186 20672.076 12749.065 12364.701 9109.150
17274.463 20413.170 12695.675 12712.338 8857.777
17806.496 21032.789 13328.641 13398.020 8989.601
18232.705 21476.684 13843.773 14066.269 9051.289
17745.764 20874.145 13722.313 14460.661 8868.677
17169.174 20083.693 13884.391 14323.859 8481.892
17129.402 20089.480 14202.973 14679.373 8307.341
17137.795 19857.422 14165.785 15036.494 8174.430
17034.475 19510.910 14255.860 15101.411 8068.888
16496.688 18318.512 13654.653 14598.274 7612.826
16261.612 17916.795 13767.741 14591.816 7386.519
16035.690 17363.104 13607.713 14513.902 7171.421
16132.993 17094.760 13514.527 14234.105 7070.060
15736.254 16332.757 12983.743 13840.661 6908.313
15814.404 15907.948 12771.148 13410.187 6750.692
16144.215 15772.345 12759.207 13362.125 6648.969
16668.115 16060.071 12717.459 13380.539 6775.291
16557.635 15851.606 12141.040 12964.190 6721.656
16936.791 16234.943 12092.502 12647.373 6737.254
17443.395 16743.684 12089.333 12387.224 6840.333
18179.074 17824.018 12559.353 12710.673 7218.658
17965.062 17980.117 12290.990 12329.709 7302.534
17986.402 18447.951 12461.141 12251.066 7273.173
18769.928 19402.467 12906.815 12671.650 7509.021
19429.057 20574.262 13728.605 13401.356 7761.526
19190.420 20649.840 13704.060 13635.507 7732.419
19236.334 20708.346 13983.695 13953.352 7709.987
19812.170 21165.094 14446.084 14891.862 7731.719
20547.285 21897.250 15283.792 15864.078 7938.500
20025.547 21115.648 15271.729 16074.249 7721.381
19863.289 20582.367 15370.520 16216.051 7537.679
20116.246 20411.039 15782.256 17120.885 7607.147
20308.320 20210.014 15965.811 17435.350 7341.030
20026.510 19518.025 15728.334 17887.551 7183.275
19233.812 18455.762 15306.086 17654.926 6919.062
19471.859 18174.252 15662.076 17771.480 6777.540
19498.527 17794.486 15800.878 17850.725 6677.483
19250.115 17119.158 15373.611 17893.537 6561.979
18621.320 16322.186 14938.878 17106.648 6299.353
18540.463 15981.608 14951.919 16927.010 6193.444
18820.732 16192.953 14826.718 17025.516 6471.647
18844.010 16091.328 14619.414 17019.186 6571.147
18289.135 15461.788 13981.632 15565.854 6224.332
18745.301 15822.614 13847.832 15149.657 6305.566
19224.281 16050.284 13904.143 14892.371 6482.101
19558.033 16534.719 14025.158 14772.486 6660.612
19050.273 16298.059 13366.919 13880.722 6589.072
19553.680 16805.842 13479.287 13916.800 6826.192
20126.074 17721.801 13725.655 13907.214 7213.779
20938.562 18582.018 13996.287 14169.479 7608.299
20241.070 18068.238 13627.499 13595.160 7326.271
20636.986 18506.986 13856.775 13842.383 7508.439
21205.471 19081.631 14710.995 14442.240 7652.177
21679.117 19481.783 14970.698 15140.794 7856.254
21147.328 18966.732 14720.424 15282.205 7838.557
21330.854 18802.125 15107.626 16033.045 7798.438
21932.582 18799.668 15788.896 17125.303 7842.511
22328.404 18800.027 16389.258 18024.369 7805.661
21462.359 17678.889 15829.866 17761.658 7462.097
21459.146 17241.826 16117.826 18647.945 7341.585
21672.855 17029.838 16258.834 19482.025 7231.686
21786.730 16794.182 16185.647 20075.701 7217.552
21265.818 16000.004 15592.531 19668.680 7051.991
20968.848 15620.698 15337.313 19673.553 6942.423
20997.887 15352.345 15243.160 19591.426 6737.253
21287.869 15209.976 15164.810 19623.918 6682.857
20639.338 14596.844 14804.053 18983.676 6479.396
20321.252 14141.263 14128.625 18204.785 6434.179
20739.219 14224.446 14242.351 18468.422 6520.430
21271.389 14404.254 14173.007 18339.637 6641.064
20826.658 14138.615 13691.159 17521.006 6501.802
20730.852 14051.167 13480.568 16764.881 6367.751
21438.215 14454.739 13724.964 16564.219 6481.561
22005.033 15169.208 13796.459 16347.023 6817.019
21710.432 15227.369 13552.117 15810.527 7041.793
21751.576 15487.624 13299.505 15123.088 7127.661
22331.289 15839.220 13483.588 14973.908 7279.397
23053.502 16370.271 14065.991 15052.900 7485.690
22909.428 16349.665 14158.684 14817.439 7416.392
22616.203 16157.392 14055.760 14366.597 7241.875
23169.559 16517.881 14695.112 14689.777 7331.974
23655.637 16772.602 15183.195 15144.839 7432.507
23541.246 16860.721 15460.438 15486.570 7454.932
22845.490 16053.747 15272.850 15242.116 7178.361
22894.010 15942.853 15740.370 15606.047 7069.565
23121.547 16190.631 16153.312 16316.136 7182.484
23008.514 16086.142 16439.375 16775.064 7296.273
22010.537 15248.717 16116.382 16495.572 7041.474
22045.246 15162.001 16597.867 16891.227 6966.287
22024.479 15048.706 16678.918 17170.498 6815.583
22149.318 15111.962 17013.926 17887.240 6850.221
21244.363 14138.538 16293.519 17295.834 6397.366
21529.615 14137.062 16684.277 17517.842 6292.976
21450.467 14064.600 16506.535 17759.891 6295.550
