4129.103 4133.152 4290.729
3795.560 3950.244 4033.071
3473.050 3721.706 3759.556
3225.305 3489.004 3527.905
3075.243 3353.363 3389.595
2975.702 3340.607 3321.879
2864.636 3301.516 3235.719
2798.817 3304.634 3196.755
2789.031 3327.099 3162.821
2754.844 3291.754 3126.947
2718.492 3303.286 3062.870
2692.681 3269.851 3026.441
2732.154 3312.975 3008.410
2736.162 3349.345 2981.341
2753.764 3319.799 2949.787
2749.412 3353.155 2922.475
2805.098 3369.026 2902.316
2824.307 3387.265 2879.800
2878.263 3431.956 2890.489
2898.921 3490.331 2898.342
2963.267 3581.636 2918.797
3022.763 3635.786 2942.099
3112.405 3676.514 2968.428
3230.005 3744.812 3004.681
3324.569 3814.384 3059.520
3396.860 3954.589 3125.980
3505.192 4026.611 3181.878
3644.227 4091.724 3256.498
3770.063 4173.516 3324.712
3870.971 4290.051 3362.121
3936.371 4360.865 3389.659
4050.087 4479.025 3471.013
4160.534 4629.665 3532.353
4214.757 4701.399 3550.509
4314.863 4775.244 3577.986
4385.416 4811.623 3601.590
4471.688 4845.418 3595.125
4472.458 4876.054 3603.303
4523.650 4988.059 3654.015
4554.544 5154.212 3684.098
4628.503 5214.825 3717.388
4617.797 5195.064 3693.233
4626.656 5205.263 3680.420
4676.473 5290.310 3690.143
4614.965 5327.600 3666.612
4645.625 5343.041 3671.067
4693.119 5444.620 3706.436
4788.484 5533.799 3743.436
4907.283 5612.720 3779.717
4981.760 5680.504 3824.993
5099.252 5858.542 3906.144
5226.281 5943.568 3972.431
5388.237 6114.563 4063.881
5509.432 6337.104 4164.265
5595.389 6530.769 4253.722
5738.462 6723.684 4373.091
5939.312 7053.630 4503.786
6012.638 7316.881 4606.420
6056.493 7502.112 4663.725
6086.576 7711.839 4736.761
6208.357 7935.245 4820.369
6379.825 8099.575 4888.465
6454.461 8315.910 4961.636
6472.174 8467.641 4996.854
6500.881 8562.391 5006.104
6536.821 8687.113 5046.765
6543.934 8760.686 5064.631
6549.238 8878.940 5095.971
6513.837 8952.987 5082.907
6503.137 8944.164 5070.083
6547.807 8847.086 5046.302
6508.402 8937.190 5029.216
6535.071 8928.943 5028.929
6577.821 8826.957 4992.418
6651.498 8891.051 4988.468
6749.426 8975.126 5026.977
6886.043 9031.514 5053.213
7082.599 9155.183 5139.980
7208.958 9268.727 5198.587
7459.402 9490.676 5334.243
7693.074 9711.453 5474.142
7899.523 9926.774 5586.872
8158.897 10176.015 5728.697
8389.268 10328.504 5836.649
8618.673 10590.104 5995.128
8824.588 10863.881 6162.178
8987.981 11158.689 6307.243
9113.862 11402.694 6422.476
9283.193 11635.191 6554.314
9351.330 11886.773 6680.610
9327.260 12001.496 6731.600
9307.701 12168.033 6823.579
9312.282 12270.322 6883.596
9379.979 12272.040 6912.298
9167.493 12265.338 6878.893
8997.569 12262.360 6862.196
8871.377 12224.408 6828.827
8799.144 12182.451 6819.274
8737.522 12113.640 6803.884
8606.105 11914.646 6734.778
8557.220 11822.276 6686.310
8543.650 11769.404 6718.142
8517.835 11626.412 6701.616
8521.283 11550.206 6693.703
8616.713 11497.533 6719.039
8657.983 11389.796 6688.899
8795.136 11393.691 6730.191
9088.464 11520.582 6838.640
9267.267 11568.723 6888.566
9507.896 11650.837 6959.971
9744.954 11753.833 6996.986
9998.467 11899.158 7084.098
10246.215 12085.100 7190.278
10569.157 12329.462 7363.072
10852.193 12655.571 7543.939
11043.649 12923.852 7662.772
11293.281 13230.163 7827.213
11501.328 13495.449 7990.550
11631.282 13653.600 8068.714
11690.999 13827.907 8143.750
11885.694 14098.560 8309.635
11850.993 14223.168 8355.973
11815.961 14390.151 8427.276
11707.914 14467.744 8437.316
11541.895 14466.913 8455.939
11470.309 14579.372 8524.208
11436.646 14696.831 8564.521
11275.692 14578.961 8522.408
11296.621 14582.182 8531.982
11212.253 14502.342 8489.792
11051.339 14384.988 8428.699
10888.228 14170.027 8335.942
10854.524 14126.047 8336.605
10829.723 14024.501 8295.550
10855.718 13923.993 8283.886
10959.093 13940.559 8308.244
11118.012 13934.245 8370.693
11285.840 13913.200 8388.794
11620.756 14131.568 8551.037
11907.059 14229.175 8637.573
12225.522 14445.954 8802.595
12547.245 14656.579 8966.212
13030.679 14818.957 9126.580
13511.674 15037.832 9346.739
13901.504 15237.425 9516.128
14308.552 15533.258 9735.158
14716.752 15762.664 9901.971
15084.091 15926.502 10036.798
15490.346 16118.524 10216.695
15791.041 16100.206 10268.777
15993.387 16384.230 10422.859
16103.078 16487.992 10455.125
16227.688 16649.086 10539.586
16216.602 16698.240 10561.260
16180.201 16778.254 10567.105
16131.150 16801.357 10557.532
16081.247 16774.852 10521.315
16237.207 16767.691 10553.982
16236.342 16736.684 10544.837
16150.598 16742.020 10526.922
16045.650 16636.719 10475.252
15633.271 16385.684 10270.303
15590.457 16341.011 10211.203
15486.479 16124.629 10114.002
15452.322 16100.763 10040.524
15500.105 16043.111 9999.101
15646.894 16017.110 10008.916
