63.607 41.053 41.912
62.227 40.741 41.975
63.003 40.450 42.307
60.556 39.325 41.607
59.469 38.288 40.358
60.228 38.078 39.105
63.977 38.440 39.085
69.423 39.910 38.869
74.561 41.922 38.476
78.884 43.817 38.051
83.603 46.485 39.611
87.519 49.493 40.961
90.393 50.117 43.086
90.509 50.831 45.476
88.300 51.182 45.524
87.131 50.204 45.588
86.956 48.289 45.209
84.941 46.980 44.641
85.472 44.675 43.356
89.407 44.084 42.004
94.255 42.619 40.336
103.738 42.849 39.842
109.721 43.424 38.926
115.986 44.938 38.401
121.025 46.416 38.941
121.750 46.763 39.673
122.483 49.037 40.690
120.165 50.002 41.604
117.411 51.011 42.087
113.795 49.822 42.438
110.352 48.897 42.342
109.964 47.892 42.537
111.504 46.270 40.897
115.888 44.732 39.022
123.590 43.049 37.274
131.236 42.359 36.232
138.458 41.942 34.780
141.949 41.775 33.866
146.196 43.127 33.799
147.767 43.479 33.217
143.373 44.895 33.098
140.546 46.080 33.491
135.976 45.496 33.533
132.188 44.253 32.968
125.195 43.895 32.542
122.447 42.402 31.890
122.592 41.859 31.154
125.281 40.012 30.067
130.887 38.963 29.672
139.487 37.518 29.437
144.922 36.929 29.060
148.586 36.175 28.909
151.149 35.855 28.607
151.849 35.947 28.420
148.358 35.810 27.722
145.698 36.098 27.066
138.855 35.761 26.423
132.087 35.421 25.628
127.194 34.699 25.391
123.832 32.720 25.198
120.270 32.447 24.775
125.748 32.018 24.187
130.418 31.687 23.840
137.753 31.719 23.622
144.465 31.884 23.433
149.143 31.460 23.278
150.191 31.829 22.380
152.018 31.373 22.583
148.551 31.215 22.324
145.930 31.339 21.936
141.283 31.228 21.535
136.299 31.229 21.538
129.696 30.806 21.364
123.701 30.746 21.208
122.451 30.369 21.188
119.828 29.876 20.935
122.232 29.707 20.642
125.094 28.900 20.833
126.561 28.098 21.241
128.881 27.389 21.301
131.423 27.391 21.454
131.372 27.081 21.469
132.992 26.607 21.319
130.567 26.791 21.151
129.092 26.772 21.155
125.721 26.622 21.008
121.341 26.577 20.718
118.785 26.650 20.509
114.909 26.245 20.461
111.839 26.151 20.260
112.032 25.770 20.298
108.915 25.536 20.310
107.698 25.548 20.416
107.729 25.482 20.743
109.333 25.583 20.771
109.587 25.686 20.579
107.321 25.440 20.427
107.743 25.518 20.642
107.271 25.799 20.563
