84.511 96.010 101.175 103.447 96.053 92.273 59.378
88.503 99.732 104.006 105.377 96.567 92.288 55.675
89.597 100.404 106.230 103.962 98.564 93.527 52.248
86.595 100.414 107.777 102.553 97.811 93.921 50.904
86.464 99.129 107.090 99.675 97.397 92.926 51.358
86.623 98.272 106.920 97.280 96.205 90.231 49.268
85.854 95.197 106.144 95.161 94.701 88.590 48.668
86.084 91.700 105.259 93.942 94.169 87.506 48.571
86.372 89.662 105.724 92.819 91.842 85.668 49.488
85.261 87.542 103.917 91.835 90.754 83.890 47.360
85.425 87.337 104.193 92.663 90.708 84.502 46.250
84.541 85.971 104.648 93.288 90.846 84.934 46.924
84.479 85.873 103.740 94.507 90.824 83.800 46.461
83.121 85.737 103.550 94.606 91.502 83.353 45.804
83.650 86.254 103.543 95.224 91.031 84.704 44.926
84.877 88.113 106.371 97.217 92.822 86.183 44.341
86.024 90.111 108.811 98.496 96.504 87.464 44.674
89.070 93.694 109.926 102.839 100.187 91.799 44.474
95.058 97.884 114.051 106.504 105.145 95.391 44.317
99.667 100.345 117.455 108.780 108.292 98.710 43.700
104.578 104.090 120.776 113.360 113.386 101.896 44.674
109.526 106.949 123.611 115.287 115.639 103.130 43.116
114.091 108.766 124.076 117.332 119.382 103.830 43.690
116.197 112.805 125.222 120.062 121.329 104.002 42.868
118.076 114.660 127.120 122.398 123.632 105.683 42.784
120.317 116.140 129.606 127.221 124.356 106.064 42.794
123.213 118.911 133.538 129.004 126.197 108.059 42.865
124.212 121.599 137.157 130.549 128.706 109.742 42.189
126.087 123.311 140.277 132.632 132.242 112.804 42.289
127.929 125.976 143.874 135.106 135.208 116.716 41.928
130.844 130.189 146.551 137.005 140.188 117.777 43.806
134.826 132.226 148.697 140.734 144.796 118.856 45.725
140.568 136.099 148.911 143.904 147.316 121.762 45.891
141.900 140.486 149.004 143.538 150.258 122.505 47.986
145.401 141.995 148.325 146.879 151.910 121.734 48.078
148.405 143.573 146.038 148.273 150.757 122.171 48.713
149.028 142.536 144.481 146.624 149.413 118.908 48.926
148.679 142.053 145.101 146.059 146.455 117.410 48.887
145.722 140.159 144.723 142.255 145.030 115.469 49.549
141.661 138.654 143.949 140.846 142.993 114.671 50.334
138.685 136.320 147.555 142.249 142.029 114.877 50.244
135.016 137.242 149.242 139.120 141.756 114.991 51.668
133.626 140.943 152.299 138.686 141.182 116.472 52.936
132.803 143.126 155.506 140.729 142.532 120.361 55.787
136.729 145.554 158.016 140.812 147.216 123.820 58.613
140.929 150.081 158.109 143.503 150.445 128.182 62.170
145.729 154.126 159.813 144.517 154.622 128.021 63.323
149.627 155.721 159.630 145.539 157.968 130.419 65.301
154.224 156.005 156.328 147.951 159.810 132.216 67.815
157.101 153.274 154.966 147.386 160.226 131.873 66.007
158.072 149.802 151.218 148.854 159.304 128.699 64.844
156.395 145.436 148.672 147.872 156.310 124.526 62.155
154.244 140.007 146.193 144.980 153.428 121.134 63.591
151.141 136.343 145.268 140.619 149.500 118.181 61.320
147.147 135.422 145.259 138.122 146.718 114.888 58.562
142.422 133.846 147.084 136.285 143.682 115.868 57.662
138.843 133.742 150.190 134.370 141.386 117.425 58.906
138.533 137.102 153.947 134.362 142.505 120.817 60.847
140.285 141.815 157.978 135.149 145.239 125.363 64.736
144.210 146.500 160.289 136.366 148.365 129.775 71.664
149.449 152.046 161.459 137.678 156.438 135.408 76.490
151.480 156.041 161.251 141.306 160.722 136.749 85.938
154.439 158.194 157.397 143.571 165.331 141.039 89.700
157.226 159.418 153.914 142.435 170.778 140.818 96.614
158.043 156.394 149.243 141.951 170.765 142.880 97.254
156.686 152.271 143.814 140.487 169.085 142.680 99.259
155.789 146.508 137.743 136.709 165.666 139.683 102.463
151.218 143.353 134.900 133.947 161.606 139.067 105.389
145.521 138.072 132.070 128.296 156.939 135.080 100.194
140.852 136.630 132.383 122.436 152.007 132.168 97.457
133.907 134.907 134.322 118.773 147.745 130.772 96.746
130.796 135.644 139.491 117.656 146.709 130.224 93.402
131.200 138.628 144.684 117.113 144.750 131.253 93.313
134.364 143.729 147.911 120.156 143.651 133.881 95.828
141.375 150.453 152.098 127.207 147.292 136.904 102.280
147.467 157.087 152.627 128.532 151.463 142.146 107.095
152.356 160.352 149.846 132.100 157.244 148.123 113.708
157.104 163.670 145.492 136.392 166.216 148.814 120.173
160.140 167.943 139.806 135.568 170.804 147.098 124.279
159.691 166.843 133.733 132.680 172.614 146.390 127.591
157.740 163.067 129.351 129.608 174.320 144.925 131.574
155.498 158.345 122.360 122.970 173.801 139.816 132.310
151.363 153.925 118.205 119.104 171.749 136.289 132.808
145.446 148.726 117.161 114.004 167.071 132.098 126.709
140.460 146.666 117.406 112.379 164.100 129.942 124.000
135.394 147.699 118.889 108.515 160.375 127.787 123.387
131.280 149.837 122.021 107.647 156.845 126.000 125.738
129.989 153.427 127.134 107.001 153.842 127.378 125.363
