10089.774 11609.170 9483.223
10247.883 11720.091 9370.641
10310.239 11736.478 9599.019
10446.349 11678.394 9616.641
10515.042 11648.406 9709.810
10763.377 11776.479 9628.548
10882.055 11778.594 9544.792
11249.663 12022.639 9653.810
11630.184 11989.590 9625.312
11858.205 12113.132 9809.025
12099.229 12049.437 9930.937
12255.989 11770.536 9805.405
12416.683 11749.616 9926.872
12531.901 11696.793 9839.808
12466.436 11377.247 9652.870
12442.317 11099.923 9596.481
12330.579 10886.886 9434.638
12152.424 10585.858 9244.175
12010.808 10249.395 9193.052
12013.434 10114.875 9125.701
11808.679 9769.164 8877.649
11603.598 9562.746 8705.145
11417.660 9249.326 8513.751
11269.646 8894.947 8407.552
11107.616 8587.910 8449.490
10993.448 8266.308 8418.253
10954.009 8134.938 8407.030
10916.122 8056.406 8416.557
10979.353 8015.389 8372.115
10995.951 7983.891 8200.288
11101.639 8003.149 8203.113
11167.250 8094.615 8261.860
11368.916 8075.512 8055.021
11405.804 8267.929 8053.005
11539.268 8445.871 8112.922
11521.376 8529.327 7990.527
11505.101 8603.570 8110.199
11592.982 8700.890 8139.424
11537.218 8721.216 8304.270
11384.988 8668.541 8310.419
11372.667 8844.361 8333.256
11254.736 8759.831 8378.736
11152.411 8661.499 8567.017
10990.828 8676.323 8563.054
10797.854 8711.872 8666.946
10831.548 8709.604 8897.789
10771.584 8676.755 9034.059
10813.226 8873.284 9248.099
10791.285 9008.133 9429.604
10825.709 9009.464 9225.711
10940.656 9142.633 9497.207
11170.443 9369.320 9532.908
11295.457 9667.417 9729.349
11547.276 9842.990 9910.978
11892.395 9999.628 10359.183
12134.889 10143.065 10580.057
12276.294 10363.134 10692.132
12547.474 10451.959 10880.088
12768.713 10564.414 10724.043
12757.233 10594.958 10828.938
13070.916 10856.659 11302.714
12972.986 10908.826 11404.006
12897.387 10701.388 11500.906
12751.135 10633.002 11351.231
12617.770 10503.326 11413.372
12477.614 10373.895 11065.048
12159.290 10398.500 11113.945
11956.754 10441.001 10893.264
11866.064 10423.803 10829.723
11808.492 10331.195 10717.223
11621.601 10283.830 10603.126
11656.235 10354.836 10643.910
11676.853 10544.855 10556.626
11705.406 11136.607 10378.447
11796.006 11556.880 10182.093
12043.147 12010.043 10225.252
12495.268 12320.139 10442.973
12980.891 13001.066 10633.238
13270.663 13104.039 10761.531
13769.103 13550.544 11190.264
14269.179 13890.002 11576.708
14762.006 14498.717 11928.698
15075.798 14553.294 12045.048
15726.856 14536.555 12444.709
15921.438 14713.467 12528.880
15948.429 14805.776 12757.255
16182.802 14443.375 12870.572
16129.353 14215.552 12987.392
15988.648 13749.260 12689.894
15826.741 13596.896 12627.995
15665.433 13380.566 12484.905
15382.913 13074.636 12197.784
15392.826 13115.100 11905.655
15266.094 12893.770 11695.804
15103.908 12895.520 11743.417
15185.618 13177.177 11220.114
15227.294 13217.314 10979.724
15357.040 13442.416 10759.426
15403.976 13873.126 10617.609
