12403.227 13694.920 11116.212
12163.384 13195.987 10500.034
11597.640 12658.958 10054.946
11082.506 12247.917 9666.303
10725.713 11814.623 9335.204
10282.686 11357.355 9026.113
9896.849 10973.823 8829.686
9623.198 10617.396 8479.202
9410.367 10246.999 8322.290
9143.541 10076.016 8019.932
8943.101 9824.210 7935.089
8823.008 9652.826 7770.072
8714.566 9547.149 7751.292
8509.330 9360.455 7635.492
8554.343 9491.768 7569.946
8477.090 9550.191 7443.753
8624.025 9645.375 7293.026
8702.172 9852.533 7175.059
8743.150 10116.466 7032.988
8747.963 10386.864 7122.555
8854.480 10531.021 7059.131
8987.138 10768.411 7185.010
9115.398 11083.489 7215.288
9343.748 11303.268 7288.043
9528.536 11513.742 7438.537
9679.720 11850.395 7420.849
9983.038 12086.789 7540.869
10276.665 12104.284 7715.035
10639.298 12400.468 7982.412
10629.172 12537.448 8113.954
10798.888 12674.396 8287.433
10861.843 12773.696 8458.077
10998.990 12797.838 8647.460
11147.658 12708.753 8804.872
11298.150 12771.285 8727.679
11269.705 12850.275 8923.081
11454.713 13000.876 9048.738
11393.481 13060.819 9139.232
11514.229 13339.641 9166.556
11666.374 13446.035 9327.188
11759.415 13569.124 9170.892
11892.150 13743.313 9190.794
12228.634 13946.933 9236.557
12443.785 14387.575 9217.799
12736.549 14566.429 9206.640
12889.531 14716.205 9448.102
13115.763 15002.851 9578.435
13322.496 15177.275 9767.106
13520.576 15515.998 9803.150
13883.460 15737.413 9967.840
13879.352 15963.048 10067.368
14020.844 16140.369 10180.407
14155.166 16174.229 10269.455
14319.155 16298.257 10265.530
14320.178 16387.404 10366.016
14185.307 16194.397 10440.165
14300.398 16045.752 10312.166
14364.457 15821.651 10313.966
14360.508 15561.806 10303.512
14222.109 15288.974 10408.700
14057.916 15027.673 10234.888
13807.619 14856.266 10353.143
13670.408 14560.271 10214.833
13321.732 14318.329 10171.827
13301.029 14136.453 10250.389
13125.617 13807.132 10208.220
12884.080 13759.450 9934.163
12695.755 13476.759 9871.823
12601.698 13421.030 9930.868
12473.494 13422.537 10003.008
12340.637 13289.384 9955.987
12352.686 13301.071 9944.026
12325.040 13246.544 9830.926
12356.309 13225.967 9775.655
12463.424 13279.484 9770.516
12476.011 13347.643 9565.890
12626.103 13433.060 9527.970
12643.276 13576.649 9577.085
12807.461 13744.164 9647.380
12899.175 13854.417 9879.270
12927.642 13826.418 9981.868
12998.460 13901.578 9986.773
12999.589 14033.476 10000.398
12868.325 14055.819 9952.111
12653.960 13979.700 10109.894
12490.713 13988.429 10344.806
12510.812 13681.587 10382.508
12446.764 13827.344 10450.143
12392.651 13705.180 10390.790
12277.704 13744.914 10575.271
12016.797 13603.963 10650.076
12022.031 13376.140 10530.106
11804.649 13310.769 10374.936
11562.323 13216.348 10271.938
11600.338 13094.720 10107.286
11408.184 12784.114 9918.177
11430.032 12774.521 10008.663
11409.710 12959.416 9935.810
11242.669 12993.551 9655.123
11419.715 13159.308 9762.042
11369.861 13330.386 9713.192
11429.286 13540.897 9719.250
11484.406 13814.414 9712.741
11402.949 14051.075 9444.300
11438.983 14036.053 9419.151
11294.001 14080.718 9491.092
11261.466 14284.860 9456.636
11425.672 14348.611 9436.531
11514.949 14475.031 9581.198
11557.647 14625.165 9573.678
11544.767 14721.114 9639.122
11652.227 14648.731 9771.653
11463.013 14896.580 9904.418
11514.957 14828.467 9849.872
11514.509 14645.699 9750.176
11427.180 14441.894 9816.592
11143.928 14123.526 9927.099
11115.224 14006.794 10063.516
11021.729 13794.742 10091.242
10977.832 13715.226 10201.261
10677.830 13692.966 10274.726
10369.470 13474.083 10104.799
10283.188 13254.119 10053.553
10287.099 13056.119 10065.576
10094.437 13006.135 10163.174
9966.916 13027.925 10196.166
9834.138 12971.238 10157.540
9953.356 12943.319 10078.122
9911.593 13029.261 9951.507
9720.176 12976.775 9935.408
9830.812 13273.810 10061.621
9927.439 13271.450 9842.786
9910.764 13236.505 9717.914
10063.725 13344.084 9798.882
10136.950 13345.302 9759.198
10130.473 13468.361 9880.378
10297.491 13313.221 9798.435
10369.264 13236.686 9649.872
10284.891 13202.857 9618.783
10148.723 13203.684 9629.397
10258.468 13179.759 9761.097
10117.334 12911.384 9559.349
10020.908 12703.556 9515.947
9972.735 12481.462 9489.530
9868.789 12267.751 9390.024
9661.821 11910.852 9425.701
9625.726 11669.791 9503.175
9584.287 11614.214 9513.887
9499.560 11353.448 9449.177
9349.492 11144.046 9567.576
9217.679 11083.159 9687.262
9136.222 10924.051 9770.529
9047.774 10918.485 9979.125
9116.285 10894.556 10050.414
9075.657 10855.784 10069.238
9028.013 10936.035 9909.585
8989.833 11044.039 9767.644
8887.726 11031.868 9745.343
8987.231 10948.995 9729.305
8876.257 10909.659 9654.446
8855.341 10831.534 9427.938
8696.084 10856.423 9371.522
8648.975 10613.417 9214.925
8675.414 10575.125 9158.865
8680.913 10520.514 9184.568
8746.358 10389.961 8922.005
8610.093 10231.560 8849.173
8613.705 10066.627 8676.779
8698.320 9739.604 8629.696
8743.774 9495.867 8541.653
8700.215 9479.882 8238.631
8869.699 9248.753 8211.449
8750.966 9158.521 7944.209
8667.565 8956.710 7825.105
8714.708 8786.354 7673.504
8679.635 8554.744 7514.801
8652.307 8435.363 7575.034
8576.973 8391.854 7546.258
8647.381 8339.323 7538.317
8613.888 8280.972 7596.235
8520.405 8220.241 7724.758
8451.519 8149.675 7799.835
8407.742 8029.138 7751.624
8383.708 8054.404 7694.028
8243.074 8113.732 7697.354
8221.549 8167.862 7595.266
8137.318 8220.594 7448.194
8031.970 8315.531 7273.764
7931.139 8298.854 7134.138
7940.731 8390.297 7073.141
7952.436 8472.088 7171.454
7968.777 8459.914 7064.729
8025.643 8483.069 6992.484
