7145.208 3567.246 6808.636 5372.543 5752.646
7456.998 3703.398 7120.958 5456.471 5986.317
7447.339 3673.090 7032.022 5559.272 5754.290
7316.539 3622.630 6817.574 5376.648 5517.893
7277.657 3617.650 6805.970 5360.690 5431.353
7341.653 3623.442 6880.239 5293.036 5389.806
7223.625 3550.610 6811.918 5204.336 5330.722
7082.616 3482.576 6596.646 5032.584 5252.706
6931.056 3370.469 6501.071 4861.836 5032.549
6694.726 3259.452 6308.505 4650.636 4887.826
6519.440 3162.827 6149.820 4479.107 4799.757
6440.013 3079.457 6028.373 4290.193 4662.977
6391.267 3001.492 5922.627 4198.562 4626.669
6334.383 2979.783 5815.172 4102.372 4601.346
6243.616 2949.513 5752.990 3994.304 4445.701
6204.917 2899.880 5705.430 3960.339 4464.150
6184.041 2876.726 5663.272 3958.749 4408.375
6208.843 2838.232 5605.735 3922.248 4436.087
6310.000 2810.016 5675.529 3905.970 4448.737
6362.431 2777.165 5662.884 3902.236 4508.135
6471.915 2769.202 5671.776 3884.104 4546.950
6593.717 2737.503 5742.909 3839.730 4566.418
6656.216 2716.687 5777.207 3823.010 4599.599
6774.596 2734.346 5833.697 3840.676 4654.072
6854.345 2737.339 5920.708 3867.595 4695.130
6959.206 2777.255 6001.179 3898.543 4748.993
7063.207 2812.027 6071.299 3923.039 4803.149
7089.650 2812.681 6116.096 3945.961 4836.386
7136.131 2841.312 6122.716 3964.185 4906.482
7137.614 2822.234 6113.910 3990.211 4958.093
7101.870 2862.559 6122.511 4033.097 4975.625
7105.641 2895.770 6221.968 4054.146 5022.684
7147.637 2893.452 6279.078 4060.866 4965.177
7127.673 2932.185 6334.201 4117.073 4938.896
7161.314 2963.762 6323.995 4143.627 5013.097
7157.674 2978.057 6328.925 4152.231 4985.288
7165.649 3023.879 6372.130 4195.233 5070.538
7155.808 3059.571 6433.612 4245.693 5084.520
7202.878 3052.754 6482.023 4266.247 5076.279
7114.108 3056.066 6504.291 4235.536 5041.456
7059.771 3079.689 6475.240 4246.238 5044.565
7072.860 3086.880 6511.750 4270.637 5070.946
7042.414 3085.949 6515.016 4281.072 5069.309
7078.477 3101.924 6584.680 4275.875 5120.630
7119.767 3112.664 6627.823 4321.479 5115.541
7131.601 3136.417 6670.077 4362.678 5033.917
7211.158 3128.468 6693.989 4434.297 5136.410
7325.484 3153.928 6855.310 4470.642 5191.757
7424.388 3189.404 6988.064 4517.938 5282.180
7623.211 3225.355 7134.512 4631.228 5359.755
7754.987 3268.083 7289.642 4740.407 5359.809
7948.966 3396.497 7524.191 4986.328 5461.415
8116.352 3413.246 7695.445 5100.824 5578.151
8282.103 3458.726 7862.546 5279.793 5674.785
8415.182 3544.344 8028.971 5506.962 5757.893
8590.029 3571.615 8171.081 5752.160 5812.346
8695.676 3676.572 8320.200 5913.421 5942.399
8800.764 3751.396 8505.379 6146.624 5945.785
8862.249 3854.992 8643.280 6325.986 6017.954
8879.943 3949.717 8731.070 6510.722 6033.254
8926.779 3963.398 8789.363 6744.735 6096.360
8915.406 4068.132 8893.112 6886.390 6162.420
8936.706 4070.009 8905.560 6952.530 6134.210
8909.217 4178.704 8922.090 7115.461 6112.553
8828.259 4206.255 8817.287 7080.215 6086.267
8729.401 4255.281 8758.291 7115.654 6071.545
8643.405 4267.216 8666.359 7126.778 5990.859
8540.313 4273.779 8585.904 7163.196 5928.512
8474.974 4311.734 8492.080 7257.348 5912.649
8373.993 4290.617 8371.567 7244.602 5836.903
8330.587 4312.995 8263.528 7284.220 5693.995
8286.453 4319.591 8111.047 7285.753 5638.742
8304.528 4319.969 8100.930 7279.297 5642.427
8320.263 4412.040 8107.672 7343.552 5606.987
8308.734 4467.900 8038.891 7333.920 5619.252
8380.847 4521.279 8030.768 7468.202 5630.846
8545.299 4587.639 8156.985 7552.898 5669.657
8750.117 4631.136 8216.562 7555.985 5727.481
8963.593 4769.492 8353.702 7724.906 5750.734
9198.242 4900.315 8484.873 7966.901 5780.794
9424.608 4987.364 8616.184 8146.730 5897.607
9634.036 5171.318 8803.350 8345.696 5987.771
9852.527 5241.222 8955.859 8585.405 6140.843
10081.676 5318.094 9148.788 8923.978 6271.353
10254.071 5396.242 9225.378 9146.877 6386.183
10423.212 5616.106 9438.409 9468.490 6480.458
10470.801 5660.168 9595.091 9799.460 6603.350
10512.129 5816.670 9630.966 10116.620 6706.459
10577.511 5916.175 9682.373 10350.550 6719.853
10535.459 6145.574 9678.085 10629.504 6711.829
10526.146 6226.258 9726.112 10857.747 6723.847
10410.075 6269.955 9779.621 11149.813 6635.090
10270.765 6254.627 9720.801 11217.290 6606.109
10083.284 6209.504 9660.050 11238.244 6533.141
9921.846 6262.770 9560.232 11233.454 6494.888
9747.109 6273.628 9401.573 11105.435 6418.239
9552.176 6304.756 9252.170 11010.418 6345.154
9446.812 6278.964 9109.392 10893.449 6294.595
9270.979 6388.057 8990.080 10905.975 6199.491
9151.784 6540.861 8966.688 10844.736 6097.499
9072.039 6644.319 8906.399 10731.398 5981.975
8997.900 6582.955 8762.321 10496.844 5921.844
8966.980 6680.854 8757.843 10429.568 5856.183
9056.624 6815.026 8708.336 10386.390 5838.046
9138.035 6996.762 8699.419 10459.012 5844.399
9297.957 7131.074 8813.844 10543.796 5846.915
9497.946 7286.563 8957.602 10550.453 5880.230
9737.766 7425.095 9119.688 10645.778 5871.931
9974.178 7595.934 9318.401 10654.602 5960.814
10260.196 7787.208 9535.283 10798.606 6047.486
10570.370 7962.566 9823.753 11110.182 6125.400
10825.445 8190.561 10098.462 11280.810 6314.074
11048.237 8400.980 10305.808 11596.101 6465.757
11218.347 8588.122 10529.071 11875.727 6577.352
11402.103 8703.158 10701.008 12111.673 6817.227
11548.612 8720.577 10859.423 12383.687 6989.675
11613.723 8818.386 10976.047 12737.762 7176.425
11694.570 8839.236 11027.710 13089.036 7294.876
11688.267 8944.188 11163.956 13355.230 7371.656
11678.979 8910.778 11185.391 13497.319 7410.448
11600.235 8830.588 11161.726 13684.045 7434.394
11516.590 8786.372 11092.155 13907.451 7458.840
11349.956 8726.122 11045.076 13896.021 7517.078
11215.104 8583.267 10937.070 13963.321 7523.372
10979.647 8427.013 10828.501 13969.069 7503.034
10832.658 8382.662 10654.298 13971.236 7476.087
10600.949 8197.155 10442.430 13953.622 7422.671
10394.452 8146.992 10248.794 13872.169 7456.997
10240.885 8089.775 10142.183 13793.136 7416.730
10077.906 8024.518 10002.150 13554.805 7368.075
9962.408 7983.555 9897.587 13480.181 7254.111
9839.010 8013.039 9794.023 13312.310 7250.726
9826.183 8116.992 9735.003 13133.638 7168.420
9839.081 8259.800 9693.908 13075.544 7191.751
9959.038 8352.732 9660.825 13030.734 7198.343
10103.998 8468.852 9754.533 13082.025 7236.110
10335.508 8681.535 9820.768 13220.143 7305.980
10579.612 8809.222 9938.107 13211.808 7520.070
10801.335 9187.440 10058.262 13344.175 7622.128
11088.243 9319.221 10251.243 13361.896 7719.784
11408.066 9488.493 10549.106 13487.072 7908.667
11777.759 9752.594 10827.905 13654.982 8052.049
12115.947 9923.520 11237.539 13948.064 8269.570
12386.153 10097.093 11526.156 14217.584 8539.971
12678.354 10192.818 11722.390 14589.935 8775.043
12901.231 10265.537 11997.512 14840.277 9096.622
13052.516 10313.841 12173.604 15196.953 9303.370
13187.205 10239.060 12291.875 15489.562 9506.476
13302.075 10235.622 12408.293 15880.225 9746.685
13325.128 10299.286 12610.912 16224.014 9831.919
13263.150 10138.392 12713.057 16433.770 10079.575
13206.829 10005.655 12689.241 16714.635 10140.206
13190.332 9920.398 12914.242 16811.785 10254.707
13056.595 9724.810 12657.708 16925.416 10339.037
12896.175 9554.748 12621.849 16881.746 10325.994
12692.809 9416.287 12350.955 16888.828 10368.067
12489.307 9195.077 12136.514 16847.176 10238.254
12235.353 9068.935 11925.620 16743.223 10178.465
11997.186 8894.654 11722.699 16656.797 10009.359
11806.410 8713.483 11453.396 16449.684 9788.417
11653.014 8619.169 11176.858 16343.380 9710.295
11553.439 8592.955 11004.310 16339.248 9620.215
11435.697 8576.701 10714.449 16185.761 9466.645
11431.301 8565.251 10604.077 16367.210 9366.163
11390.458 8609.199 10494.731 16129.749 9256.992
11468.405 8730.706 10432.183 16120.763 9223.266
11614.665 8781.651 10516.542 16051.628 9145.613
11744.629 9027.148 10507.336 16080.156 9085.599
11926.740 9213.947 10549.162 16311.736 9123.345
12062.881 9407.578 10636.062 16335.479 9038.398
12291.363 9684.794 10845.657 16540.996 8986.343
12550.340 9953.187 11049.971 16616.795 9112.062
12700.706 10196.208 11202.594 16667.758 9160.281
12967.550 10483.460 11499.611 16863.156 9276.017
13156.174 10601.456 11755.214 16971.264 9457.764
13368.048 10702.222 11935.418 17000.883 9428.429
13512.137 10651.194 12164.316 17083.648 9561.562
13595.584 10670.313 12388.421 17039.260 9627.219
13695.667 10525.471 12521.060 16999.123 9772.217
13714.182 10452.448 12683.336 16978.764 9649.455
13716.562 10468.734 12726.569 17011.127 9677.208
13689.831 10491.883 12772.818 16879.045 9718.191
13637.235 10407.188 12836.998 16588.635 9753.070
13531.917 10146.262 12850.330 16282.880 9704.531
13364.370 9941.966 12827.968 16065.430 9695.503
13208.473 9701.172 12794.399 16019.570 9612.605
13090.651 9501.656 12701.494 15957.157 9496.448
12845.484 9358.297 12441.467 15710.622 9466.730
12698.145 9148.497 12244.924 15441.899 9373.765
12539.601 8914.832 12085.694 15096.182 9318.893
12307.767 8777.760 11820.512 14937.691 9182.822
12247.725 8668.944 11656.740 14763.298 9055.062
