7314.018 4847.891
6971.691 4612.031
6806.457 4379.131
6831.251 4214.806
6732.767 3992.872
6458.366 3802.317
6198.479 3631.819
6112.160 3597.862
5937.615 3623.457
5752.009 3545.735
5467.983 3545.395
5341.115 3413.836
5339.800 3368.374
5321.891 3275.991
5315.949 3204.168
5248.722 3223.495
5229.067 3226.494
5291.262 3284.418
5376.924 3314.980
5378.587 3268.902
5281.445 3322.409
5314.119 3416.718
5351.658 3413.717
5406.425 3476.748
5475.980 3593.036
5488.315 3673.242
5425.885 3677.549
5453.295 3705.830
5581.189 3839.120
5651.447 3891.095
5649.903 3844.627
5683.620 3772.461
5690.942 3871.238
5939.434 4004.319
6059.169 4024.134
6154.223 3977.024
6207.037 4025.476
6268.004 4047.831
6399.542 4149.540
6409.947 4252.790
6413.783 4279.418
6383.588 4307.846
6467.897 4320.912
6616.572 4363.991
6801.526 4413.281
6944.148 4294.867
6958.688 4309.630
7028.086 4413.999
7244.749 4444.886
7472.725 4488.679
7705.807 4552.818
7679.809 4586.288
7819.562 4578.811
7998.253 4704.822
8160.654 4822.253
8250.167 4896.782
8259.778 4986.915
8247.340 4931.556
8330.400 5058.731
8343.667 5159.696
8657.434 5062.414
8632.653 5039.424
8417.455 4909.791
8558.438 4949.931
8582.609 5042.473
8418.901 5069.502
8379.567 4974.507
8182.112 4826.436
8190.681 4939.235
8207.293 4986.116
8210.751 5101.557
8138.241 5133.805
7988.903 5184.016
8107.034 5128.554
8408.743 5241.071
8562.647 5347.186
8527.656 5378.583
8583.676 5462.423
8697.252 5633.746
9099.792 5722.417
9232.782 5843.918
9290.240 5909.532
9262.243 5916.061
9200.999 6026.948
9484.318 6332.382
9668.507 6353.748
9625.854 6275.784
9367.512 6328.036
9417.119 6338.601
9469.177 6443.240
9555.053 6586.581
9366.603 6503.897
9264.188 6385.067
9136.354 6265.741
9254.037 6346.706
9496.672 6206.892
9387.440 6103.384
9279.240 5867.071
9256.441 5753.308
9318.265 5781.396
9560.729 6015.569
9711.262 5946.667
9832.590 5937.536
9988.352 6228.841
10274.058 6520.022
10472.243 7040.498
10576.127 7194.302
10525.836 7253.049
10847.915 7441.269
10965.292 7694.427
11385.802 8015.679
11402.283 8077.754
11180.970 8250.576
11253.649 8411.343
11355.372 8438.659
11285.726 8572.723
11002.856 8352.118
10898.054 8280.413
10633.993 8163.389
10573.664 8020.426
10522.818 7941.777
10142.067 7540.560
10052.324 7401.706
10011.989 7198.204
10136.388 7139.820
10056.778 6877.528
9881.393 6542.319
9930.506 6410.460
10210.473 6298.118
10444.149 6294.625
10718.924 6179.859
10763.759 6014.945
11044.675 6117.642
11346.784 6211.916
11901.180 6409.179
11852.325 6712.488
12148.903 6755.718
12243.917 6927.281
12561.024 7133.752
12759.754 7125.584
12574.329 7088.436
12241.028 7513.934
12256.061 7486.134
12326.836 7477.782
12137.720 7360.139
11617.389 7121.768
11252.221 7059.758
11184.937 6924.659
11074.146 6861.425
10743.773 6535.914
10606.100 6226.133
10485.377 5939.640
10552.558 5922.132
10435.722 5616.926
10355.026 5426.757
10175.524 5261.083
10171.980 5245.282
10630.870 5254.624
10702.474 5146.550
10534.999 4950.485
10712.965 4815.187
11011.572 4805.118
11455.249 4836.891
11528.077 4879.135
11654.971 4907.329
11792.627 4928.636
11911.083 5096.996
12053.091 5291.712
12124.045 5593.815
11874.897 5571.502
11906.263 5677.389
12112.258 5841.633
11881.847 5816.473
11707.262 5679.188
11305.350 5594.721
11275.639 5595.042
11209.448 5771.867
11122.300 5865.672
10610.785 5662.780
10605.321 5451.551
10639.650 5550.568
10517.063 5507.337
10460.135 5521.852
10243.050 5373.033
10103.529 5339.787
10198.770 5233.205
10209.900 5151.930
10268.232 4940.159
10245.578 4752.067
10390.718 4656.631
10652.105 4668.584
10591.465 4654.556
10529.954 4659.965
10537.793 4516.480
10493.815 4414.684
10796.048 4435.091
10509.311 4487.397
10220.291 4470.670
9909.157 4022.021
10188.346 3941.303
