15061.678 12778.742 11757.902 12466.274 14575.900 7585.831
16455.607 13637.322 12668.767 12979.255 16364.854 7773.784
17389.184 14701.020 13510.802 13359.459 16729.770 8045.202
17852.182 15149.829 13705.554 13381.920 17471.521 8157.164
18221.367 15273.745 13656.399 13484.989 17110.184 8110.440
18672.594 15328.245 13550.300 13609.633 17244.482 8113.077
19107.770 15440.628 13581.663 13739.408 17481.336 8336.385
18973.234 15264.488 13503.812 13593.046 17398.295 8479.696
18905.779 14929.749 13231.696 13153.794 16830.928 8186.073
18912.428 14786.109 13111.209 13026.724 16453.930 8282.267
19077.086 14994.211 12851.887 12679.122 16383.341 8340.558
18784.568 14609.633 12670.610 12496.159 16093.255 8236.662
18389.660 14316.773 12437.334 12071.526 15583.109 8174.344
18174.766 13852.628 12063.234 11653.085 15119.865 8145.344
17974.854 13864.143 12205.465 11602.367 14771.120 8163.212
17591.848 13697.409 11838.601 11353.300 14444.370 8069.333
17060.258 13325.172 11568.104 10976.845 14021.043 7994.915
16715.529 13016.835 11348.706 10695.553 13557.587 7742.704
16513.854 12963.503 11241.293 10557.615 13441.031 7831.554
16265.056 12917.702 11102.083 10373.372 13097.679 7833.545
15982.087 12801.428 11033.125 10164.035 12922.976 7971.382
15491.847 12467.251 10783.863 9880.930 12538.134 7769.444
15279.489 12433.051 10661.001 9815.002 12449.264 7862.226
15161.388 12272.612 10531.868 9673.942 12171.361 7628.419
14971.527 12299.298 10521.323 9629.681 12087.436 7540.751
14773.732 12158.253 10423.392 9495.858 11976.213 7518.444
14852.373 12137.791 10392.562 9490.561 11969.099 7650.310
14799.667 12277.940 10386.483 9473.279 12028.750 7662.713
14703.566 12353.348 10291.279 9368.352 11958.186 7675.021
14581.385 12252.411 10249.190 9356.401 11784.813 7571.888
14634.718 12424.173 10381.146 9527.006 11883.688 7750.755
14738.403 12647.452 10546.056 9697.266 11902.376 7606.482
14881.292 12888.327 10664.885 9851.841 11999.115 7758.669
15078.773 13019.876 10704.015 9896.425 11939.048 7761.175
15229.646 13261.987 10825.484 10024.123 11919.753 7918.019
15503.335 13530.135 10967.874 10134.420 11953.880 8074.869
15809.358 13724.471 11145.413 10303.546 11955.198 8119.999
15769.075 13743.101 11194.590 10186.757 11708.641 8120.834
16209.736 14093.786 11366.876 10318.694 11659.988 8093.942
16284.061 14349.943 11438.063 10512.483 11586.064 8155.969
16459.943 14536.467 11512.125 10465.371 11605.313 8166.885
16303.134 14630.432 11570.703 10448.970 11455.766 8165.093
16478.242 14763.174 11619.909 10525.411 11414.514 8246.377
16617.879 14999.618 11833.311 10576.701 11414.135 8427.856
16483.111 14961.763 11878.304 10632.731 11282.660 8403.395
16450.324 14977.639 12013.600 10668.351 11249.248 8331.520
16246.480 14957.464 12058.079 10564.283 11208.567 8534.685
16456.006 15294.848 12360.726 10812.039 11373.607 8971.366
16330.085 15328.265 12391.263 10782.005 11380.894 8872.907
16317.306 15336.087 12466.218 10889.340 11518.241 8937.062
16076.129 15270.513 12364.759 10771.162 11442.074 9008.686
16276.848 15550.636 12648.065 11062.732 11766.551 9355.406
16294.601 15622.449 12617.571 11166.108 11919.772 9436.909
16311.592 15822.035 12704.528 11309.682 12054.229 9645.878
16356.280 15848.932 12725.743 11309.823 12115.727 9750.714
16555.502 16188.597 12967.712 11684.422 12394.470 10211.396
16784.178 16442.805 13149.171 11701.523 12509.579 10430.367
16836.088 16704.754 13297.567 11893.001 12682.988 10601.484
16971.461 16827.342 13313.716 11848.737 12637.998 10511.701
17484.344 17265.736 13514.696 12039.191 12814.195 11123.485
17913.562 17659.238 13633.764 12188.327 12957.821 11219.375
18119.990 17867.799 13809.952 12120.065 12917.302 11493.071
18128.848 17940.439 13744.393 12126.068 12836.434 11314.397
18438.721 18276.746 13864.544 12322.106 12840.752 11466.238
18546.625 18375.516 14002.460 12448.230 12738.020 11521.598
18835.270 18464.125 14202.297 12532.202 12607.360 11629.658
18786.064 18658.666 14495.338 12705.810 12405.883 11707.894
18882.150 18725.264 14493.938 12621.795 12151.084 11747.310
19211.434 18781.656 14475.098 12592.869 12153.297 11890.019
19059.123 18818.070 14330.872 12434.552 11972.489 11694.545
18661.686 18622.164 14243.208 12172.234 11661.258 11467.021
18688.451 18644.705 14122.785 12191.215 11660.736 11406.023
18624.535 18653.299 14212.404 12055.527 11555.634 11377.066
18423.211 18536.453 14236.170 11945.354 11488.261 11659.221
18073.873 18258.311 14293.658 11921.692 11390.065 11724.475
18068.301 18300.039 14258.604 11768.140 11422.646 11829.988
17775.885 18209.414 14271.271 11738.273 11547.924 11911.854
17555.682 18247.963 14213.210 11785.174 11605.902 12109.067
16979.301 17921.350 14122.461 11743.936 11344.569 11890.969
16917.549 18136.316 14335.853 11739.569 11406.432 12380.912
16941.852 18277.715 14693.836 11971.488 11650.419 12645.308
16971.221 18475.641 14906.573 12185.309 11760.619 13077.631
16746.447 18619.061 14991.300 12248.122 11978.886 13164.370
16891.951 18826.945 15119.544 12489.077 12162.961 13460.400
17392.926 19400.500 15559.086 12780.092 12543.208 13932.059
17465.092 19561.676 15719.933 13021.429 12503.348 14032.589
17678.637 19838.594 16001.968 13230.346 12567.012 14120.109
17997.223 20079.092 16362.121 13529.315 12739.599 14472.130
18489.758 20617.754 16845.303 13812.952 13028.255 15036.784
18860.799 21075.197 17353.445 14176.563 13217.829 15556.990
18917.258 21150.203 17525.916 14345.558 13085.867 15677.488
19224.631 21176.133 17689.867 14394.738 13073.136 15640.768
19894.988 21705.420 18096.621 14754.038 13347.188 15989.521
19961.902 21621.822 18161.307 14795.495 13274.830 15896.502
20206.969 21810.184 18503.932 14952.526 13093.876 16067.664
20046.145 21475.180 18383.834 14808.098 12695.090 15879.638
20133.844 21521.301 18551.631 14833.496 12775.817 15899.286
19865.754 21189.432 18473.012 14646.646 12537.139 16017.217
19793.217 21084.227 18662.068 14667.440 12552.175 16023.681
19274.732 20319.781 18114.367 14314.069 12029.680 15511.487
19517.820 20282.891 18056.379 14266.077 12108.584 15802.562
19367.992 20168.799 17949.629 14165.189 12196.529 15934.281
19222.725 19815.227 17909.393 14177.208 12378.451 15844.280
18773.033 19341.092 17640.291 14002.323 12407.863 15630.794
18571.572 19417.000 17652.275 14048.258 12516.686 15793.525
18394.383 19407.385 17756.461 14003.832 12971.236 15702.715
18326.480 19407.957 18008.123 14003.884 13369.202 15486.537
18212.328 19337.238 18035.426 13893.361 13703.038 15679.800
18168.361 19344.018 18246.137 13947.974 13895.669 15963.104
18171.852 19518.725 18686.877 14166.630 14272.851 16212.996
18155.438 19701.988 19180.727 14433.062 14752.477 16221.963
17966.137 19767.303 19452.318 14458.174 14797.693 15930.998
18202.674 20136.762 20383.008 14860.545 15201.842 16286.063
18676.746 20626.045 21333.305 15386.040 15650.090 16684.064
18880.510 20811.348 21861.004 15506.700 15679.003 16963.984
19186.693 21258.789 22345.516 15763.957 15596.104 17168.348
19684.188 21628.422 22770.051 16022.569 15697.272 17418.127
20254.104 22310.049 23648.363 16423.709 15932.864 17858.732
20511.701 22454.293 23809.643 16636.850 15808.217 17885.234
20907.248 22774.467 23974.828 16732.865 15978.727 17596.072
21212.877 23003.451 24413.180 16775.922 15664.391 17739.492
21750.574 23323.350 24551.252 16829.797 15554.653 18039.342
21990.061 23496.816 24631.494 16821.549 15395.680 18202.445
21923.852 23447.297 24560.551 16394.730 15161.953 17945.836
21817.734 23553.281 24337.373 16513.156 14985.097 17931.094
21831.777 23407.674 24145.197 16527.789 14875.822 17771.672
21702.809 23280.252 23980.113 16283.978 14603.478 17194.516
21472.771 23015.295 23879.207 16102.269 14396.404 16922.301
21100.346 22856.293 23589.902 16064.038 14432.796 16813.861
20974.713 22531.889 23573.912 16060.108 14733.533 16934.312
20630.488 22178.488 22921.619 15660.438 14743.633 16854.846
20198.576 21941.830 22576.750 15552.673 14877.563 16920.885
19641.430 21687.523 22255.320 15485.771 15106.521 16373.262
19743.932 21716.342 22281.270 15642.404 15715.700 16343.853
19372.359 21200.084 22025.656 15582.767 15906.526 16150.415
19520.254 21138.506 22388.625 15824.391 16272.589 16373.831
19297.525 20719.238 22235.473 15906.325 16493.008 16398.406
19677.734 20852.875 22765.791 16293.993 17182.277 16786.824
19841.637 20842.660 23143.457 16634.664 17310.379 16910.379
20026.260 20982.746 23959.668 17119.277 17530.848 17139.154
19852.443 20827.230 24593.307 16920.934 17299.646 17127.455
20513.816 21355.906 25887.844 17468.783 17553.779 17619.219
20815.994 21632.613 26872.775 17815.004 17301.037 17807.809
21350.477 22196.693 27786.812 18249.760 17604.041 18293.754
21706.277 22417.812 28024.797 18298.143 17490.213 18876.855
22320.203 22807.520 28709.500 18475.645 17226.688 19133.076
22942.482 23376.762 29300.668 18684.047 17164.158 19825.135
23371.580 23862.049 29761.646 18653.246 17013.857 20118.535
23466.240 23929.488 29932.451 18528.240 16644.312 20316.420
23785.502 24258.975 29982.023 18491.014 16400.301 20726.355
24012.576 24369.955 30208.281 18410.742 16337.007 21120.572
23918.447 24357.301 30136.418 17856.775 15892.375 21049.920
24117.971 24706.367 29976.340 17877.707 15660.106 21257.338
23870.830 24274.918 29229.027 17148.625 15390.616 21060.689
23829.482 24439.469 29153.191 16849.832 15126.771 21284.756
23673.898 24478.047 28681.150 16549.605 14887.581 21083.131
23397.965 24153.340 28106.479 16244.240 14686.412 21017.801
22983.217 23594.305 27588.559 15863.397 14551.722 20761.615
22926.770 23367.316 26894.527 15723.670 14517.566 20845.012
22459.717 22976.900 26285.043 15591.416 14613.195 20585.012
22147.666 23002.801 26323.986 15585.701 14825.437 20767.578
21390.178 22638.770 25604.869 15312.864 14946.438 20342.531
21143.631 22478.826 25579.488 15393.436 15428.280 20431.133
21008.316 22249.447 25560.111 15457.630 15750.983 20422.643
20725.467 22380.824 25509.109 15583.926 16104.686 20490.586
20211.584 21565.752 25050.537 15453.212 16149.674 20270.488
20318.199 21591.453 25387.230 15776.710 16662.691 20634.775
20268.068 21509.818 25838.268 16014.879 16764.539 20916.178
20620.688 21746.107 26366.096 16604.754 17120.287 21097.295
20619.213 21655.078 26739.637 16835.166 16821.002 20987.400
20811.205 21635.197 27115.760 17066.902 17005.658 21131.557
21063.445 21888.520 27718.570 17126.883 16850.191 21296.623
21620.348 22201.887 28347.766 17432.367 16849.326 21708.230
21543.859 22488.721 28791.969 17310.875 16685.414 21741.082
21806.613 22741.520 29108.701 17276.807 16550.150 21939.900
22259.010 23167.879 29560.268 17403.795 16402.299 22519.967
22479.379 23451.809 29693.840 17285.699 15977.478 22717.900
22787.855 23744.635 29933.359 17225.854 15767.692 22798.807
22870.424 24087.369 29869.354 16880.084 15380.080 22734.971
23266.764 24407.547 30188.967 16941.299 15367.174 22851.072
23203.416 24618.977 29941.664 17046.379 15062.522 23028.316
23202.133 24792.453 29577.889 17033.863 14998.056 22948.346
22945.656 24546.850 28779.279 16633.191 14753.798 22561.607
23202.779 24949.402 28554.619 16618.869 14537.124 22823.633
22913.949 24925.941 28015.238 16247.266 14273.607 22600.137
22741.078 25054.967 27615.842 16111.664 14332.030 22407.121
22305.170 25061.539 26895.375 15706.522 13933.817 21936.479
22330.340 25109.877 26616.254 15887.056 13863.735 21698.105
21915.697 25128.551 26518.174 15712.177 13850.069 21470.869
21565.291 24772.344 26052.250 15453.790 13674.729 21387.188
21173.723 24575.572 25718.084 15014.849 13606.993 20920.693
21190.855 24584.027 25362.982 15151.007 13748.914 21071.570
20780.000 24445.348 24806.736 15123.192 14105.307 20845.090
20756.158 24467.484 24712.826 15313.999 14500.279 21110.389
20243.857 23718.025 24337.471 15107.094 14526.021 20872.377
20473.328 23590.453 24445.031 15466.329 14806.914 20859.770
20331.445 23484.771 24387.801 15672.433 14576.550 21204.932
20584.082 23344.195 24330.756 15847.147 14877.273 21245.582
20455.822 22906.018 24172.918 15875.673 14752.018 21031.359
20612.574 22919.043 24652.885 16139.479 14901.288 21361.814
