25821.662 23970.727 26187.299 20435.404
25438.020 23728.420 26110.004 20081.193
25368.129 23775.400 26030.807 20103.754
25044.420 23727.580 26065.842 19569.447
24409.877 23367.807 25633.217 19219.389
23799.740 23117.488 24772.570 18811.916
22916.033 22850.801 24186.035 18273.877
22113.725 22315.520 23439.680 17785.939
21186.412 21674.459 22943.279 17237.191
20581.697 21369.229 22245.230 16758.391
20041.049 21014.400 21797.334 16318.718
19583.375 20824.311 21334.516 16062.404
19330.111 20776.305 21077.693 15687.252
19208.551 20636.654 20917.998 15462.114
18932.268 20707.115 20755.402 15287.263
18926.326 20672.248 20818.480 15263.380
18815.256 20751.760 20950.084 15260.832
18685.547 20911.887 20880.137 15208.076
18609.268 21132.959 21049.885 15288.460
18658.633 21280.482 21204.330 15403.308
18707.477 21423.670 21216.043 15399.306
18834.658 21542.695 21514.045 15379.988
18865.643 21734.635 21508.467 15375.512
18956.080 22012.447 21759.002 15429.398
18917.842 22239.455 21905.869 15535.348
18954.521 22599.172 22137.348 15504.742
18877.539 22726.404 22234.207 15522.816
19026.943 22725.924 22343.389 15654.754
19018.291 23004.732 22356.457 15832.936
19130.986 23113.385 22698.879 15965.626
19268.896 23358.150 22831.635 16319.685
19427.844 23440.742 23295.578 16562.941
19728.500 23639.861 23518.545 16910.520
19860.961 23850.602 23884.889 17138.576
20124.863 24153.391 24219.408 17407.627
20457.295 24320.352 24386.547 17650.434
20571.744 24501.307 24707.492 17853.664
20666.451 24669.527 24922.523 18070.328
20814.535 24762.801 25191.951 18283.990
21001.861 24800.545 25302.316 18458.750
21261.869 24744.350 25602.932 18656.426
21327.643 24666.504 25628.129 18842.648
21617.346 24763.174 25774.818 18892.160
21757.006 24962.684 25811.512 18936.514
21952.100 25062.748 25906.709 19101.449
22154.834 25335.686 26196.842 19258.283
22339.457 25388.598 26118.348 19239.801
22650.697 25826.092 26402.461 19422.041
23147.490 26194.707 26627.914 19575.529
23572.646 26587.604 27207.951 19695.869
24136.869 27047.307 27430.531 19988.727
24430.898 27444.480 27703.340 20217.594
24862.801 27782.861 28051.463 20461.967
25415.482 28291.408 28549.002 20693.422
25784.174 28910.424 28958.201 21018.941
26247.070 29201.303 29231.244 21228.057
26679.230 29717.213 29525.744 21579.273
26987.266 30300.145 29935.066 21825.705
27517.719 30520.012 30430.000 22084.654
27856.365 30749.248 30709.080 22274.982
28004.014 31132.979 31076.895 22509.947
28175.867 31166.520 31476.309 22609.992
28351.188 31284.051 31826.363 22684.879
28484.479 31493.664 32090.855 22898.410
28530.154 31887.225 32313.363 22944.641
28470.514 32365.559 32423.957 22922.916
28534.777 32736.225 32488.336 22799.217
28415.592 32643.127 32391.795 22726.584
28260.430 32502.592 32441.039 22738.199
28158.230 32260.305 32200.582 22728.373
28051.549 32201.213 31993.299 22630.332
28285.791 31930.541 31999.547 22650.840
28206.221 31859.080 31930.449 22708.625
28262.277 31478.824 31977.418 22638.869
28438.436 31406.719 32044.916 22629.480
28638.758 31254.412 32279.953 22525.676
28813.852 30784.652 32301.328 22554.633
29140.242 30755.506 32322.086 22562.375
29551.250 30727.488 32405.354 22655.531
30029.699 30618.811 32765.574 22657.576
30421.203 30701.352 33333.801 22861.287
30981.135 31041.725 33591.723 23237.951
31606.773 31495.959 34067.074 23456.184
32069.834 31961.549 34471.000 23699.395
32679.355 32474.877 34640.148 24034.506
33340.758 33082.094 34985.137 24353.648
33870.012 33970.340 35358.133 24754.465
34156.348 34610.695 35737.875 25242.650
34547.074 35293.238 36372.137 25510.936
34628.035 36085.383 37088.027 25662.014
34982.562 36277.328 37364.016 25822.299
35264.324 37017.867 37683.195 25903.938
35482.246 37384.602 38091.875 25777.141
35621.992 38010.910 38264.336 25803.803
35676.160 38430.961 38198.809 25929.797
35699.887 38604.125 38130.977 26319.809
35897.527 39030.621 38035.297 26450.863
36008.211 39195.055 37927.531 26348.682
36210.562 39437.551 37817.531 26375.912
36208.742 39567.441 37674.715 26298.039
35857.336 39784.180 37455.688 26212.254
36034.336 39873.051 37342.438 26015.959
35990.559 39971.852 37355.527 25789.566
36307.867 39826.945 37040.629 25748.305
36853.828 39925.207 37213.117 25781.209
37108.000 39676.934 37479.887 25658.576
37638.664 39633.609 37547.383 25737.295
38434.605 39364.449 37839.004 26014.684
39584.961 39151.762 37994.305 26410.100
40292.402 39332.109 38243.023 26863.166
41032.391 39419.270 38441.418 27163.738
42057.754 39913.520 38564.832 27667.178
42901.199 40677.277 38886.480 28073.504
43629.543 41479.602 39196.109 28526.969
44160.477 42167.852 39350.414 29076.078
44707.914 42947.746 39601.527 29761.893
44961.871 43640.711 40146.133 29958.648
45115.688 44645.195 40537.418 30526.543
45505.383 45282.793 40707.238 30846.754
46029.848 45970.512 40780.293 31048.586
45870.320 46782.848 40994.047 31284.762
45968.660 46997.754 41074.586 31339.424
46014.004 47139.016 41091.352 31498.455
45994.066 47717.289 41249.512 31589.818
46081.402 48201.586 40737.633 31502.418
45684.867 48734.852 40493.758 31329.523
45769.348 48950.566 40443.129 31130.066
45779.684 48948.832 39956.375 31226.357
45501.758 48645.832 39167.180 31116.764
45215.910 48660.965 39033.367 30863.943
44580.293 48611.898 38595.297 30722.033
44511.777 48681.199 38357.031 30371.969
44403.895 48538.512 37989.191 30582.598
44518.152 48422.418 38147.105 30667.100
44937.398 48150.418 38063.918 30555.846
45206.672 47995.020 37510.363 30212.756
45497.695 47739.301 37447.613 30342.934
46110.887 47124.449 37976.941 30093.705
46687.312 46777.758 38529.305 29990.146
47422.285 46519.602 38816.805 29690.344
48207.480 46787.797 39075.898 29819.242
48784.004 46646.367 39448.918 30430.115
49574.254 47010.352 40121.457 30694.105
50200.406 47362.066 40390.688 31531.111
50536.195 47844.945 40754.840 32101.318
50938.176 48385.598 41278.891 32642.969
51126.902 48960.055 41601.559 32946.730
51282.430 49636.695 42000.660 33304.273
51708.207 50618.105 42417.027 33441.742
51690.078 51450.230 42502.910 33617.254
51701.410 52173.031 42982.953 33745.340
51917.887 52692.695 43163.781 33763.012
51583.797 53150.887 42887.684 33910.816
51091.551 53526.539 42742.109 33688.242
50690.312 53676.352 42255.879 33189.504
50401.871 53799.539 41807.441 32958.051
50007.961 53912.711 41433.125 32727.973
49277.875 54188.371 41317.789 32516.584
48754.340 54173.230 41036.898 32600.502
48575.188 54141.062 40442.473 32250.764
48160.145 54112.113 40021.051 31701.018
48052.590 53886.242 39698.246 31016.434
47466.195 53647.836 39056.598 30604.045
47453.695 53554.508 38506.137 30499.633
47458.977 53343.340 38161.559 30261.953
47492.594 53187.645 37610.160 29929.146
47782.766 52994.355 37302.129 29646.115
48088.277 52702.285 36536.754 29563.309
48147.355 52364.590 36092.262 29861.020
48574.758 52148.059 35611.543 29915.277
48869.816 52223.582 35259.250 30034.354
49479.613 52266.578 35320.754 30212.275
49775.906 52499.387 35483.105 30386.246
50266.480 52580.141 35569.719 30601.678
50351.219 52851.180 35845.953 30660.859
50482.672 53181.238 35646.766 30716.373
50879.730 53483.449 35821.059 30769.574
50925.754 53692.879 35893.086 31048.957
51140.473 54205.965 35901.707 31132.027
51013.016 54580.473 35736.953 31293.711
50814.965 54946.691 35846.020 31165.178
50196.957 55208.730 35800.355 31157.648
49975.871 55501.516 35536.301 30961.582
49547.758 55622.781 35281.980 30772.064
48669.012 55643.402 34669.410 30907.963
48175.188 55516.133 34469.227 30598.432
47471.449 55414.445 34165.086 30430.684
