7034.250 6626.581 7198.334 6310.090 7491.379 6432.375 5632.558
6993.557 6669.314 7167.988 6275.564 7296.529 6232.458 5531.678
6971.265 6673.886 7233.057 6308.822 7289.021 6056.205 5520.047
6888.297 6520.981 7149.229 6167.815 7134.268 6001.226 5423.238
6720.120 6347.279 7149.063 6052.464 7065.566 5953.915 5360.555
6449.971 6270.970 7113.243 5921.893 6944.265 5834.344 5265.050
6299.978 6304.262 7106.359 5779.910 6834.939 5778.583 5185.221
6225.277 6257.430 7074.459 5708.813 6750.221 5712.545 5154.770
6119.990 6238.171 7074.111 5689.412 6668.524 5660.008 5106.667
6008.708 6154.582 7005.717 5619.363 6663.512 5608.221 5069.758
5932.370 6150.292 7019.920 5615.154 6689.751 5669.396 5055.238
5863.711 5965.168 7022.849 5574.067 6743.012 5662.870 5016.166
5811.422 5974.233 7000.007 5606.119 6773.908 5626.854 5015.255
5771.198 5903.673 7043.464 5569.400 6841.710 5672.882 5025.302
5765.312 5961.224 7074.260 5606.731 6885.420 5766.458 5048.190
5773.955 5913.496 7090.693 5659.549 6948.145 5830.612 5072.356
5751.660 5853.290 7058.703 5672.254 7005.820 5849.799 5065.222
5838.145 5870.888 6988.655 5753.346 7094.947 5834.291 5088.516
5820.415 5928.418 7010.411 5836.457 7129.179 5932.396 5124.898
5842.418 5912.611 6996.038 5934.220 7148.031 5930.231 5157.826
5894.689 5874.749 6942.689 5993.428 7125.396 5967.298 5164.966
5936.745 5941.576 6966.156 5995.622 7203.976 5954.939 5198.586
5962.259 5998.627 6947.192 6029.503 7210.283 5954.375 5218.514
5960.515 6128.958 6938.658 6043.600 7201.204 6057.457 5251.194
6005.038 6155.398 6943.473 6067.505 7256.281 6087.290 5281.657
6005.359 6225.177 6977.116 6082.879 7256.513 6150.663 5310.286
6083.207 6327.698 6958.971 6131.924 7291.525 6182.316 5351.329
6150.060 6341.565 6975.060 6200.030 7319.901 6242.520 5404.344
6198.519 6386.884 7046.096 6254.214 7378.749 6299.935 5444.666
6290.192 6487.611 7155.202 6273.304 7464.875 6443.110 5510.191
6368.916 6617.121 7330.811 6388.720 7525.310 6562.457 5599.295
6462.998 6685.754 7483.229 6467.592 7683.894 6702.063 5688.946
6568.152 6806.506 7590.915 6603.745 7822.235 6735.637 5764.364
6664.668 6846.438 7717.725 6702.772 7901.740 6849.622 5845.965
6780.828 6916.664 7907.298 6771.841 8025.058 6958.701 5930.231
6795.736 6929.594 7948.117 6878.351 8150.484 6907.384 5948.750
6920.510 7051.458 8128.669 6887.169 8273.672 7056.752 6026.218
6976.731 7082.564 8200.371 6954.809 8355.571 7091.146 6072.807
7117.659 7142.984 8310.562 7108.298 8505.562 7150.290 6156.066
7227.978 7142.253 8387.167 7245.509 8592.387 7201.153 6222.820
7312.031 7209.184 8418.035 7312.232 8656.014 7236.425 6290.268
7369.699 7351.902 8491.090 7507.705 8779.881 7273.413 6367.841
7408.325 7435.623 8578.578 7561.557 8803.534 7311.016 6412.902
7441.368 7466.862 8573.540 7695.529 8858.514 7288.521 6455.821
7545.106 7563.477 8639.312 7874.417 9031.429 7337.282 6534.653
7582.882 7690.600 8669.845 8065.316 9071.993 7368.516 6608.496
7763.500 7737.383 8768.756 8217.083 9152.441 7492.133 6695.295
7783.471 7792.871 8810.539 8322.861 9249.605 7529.806 6762.057
7964.752 7903.264 8862.322 8500.807 9400.192 7622.167 6855.477
7981.476 7958.664 8881.758 8595.544 9423.809 7656.699 6887.990
8129.548 8119.927 9003.427 8743.896 9544.961 7775.429 6987.296
8246.644 8305.490 9144.341 8810.335 9526.029 7843.036 7044.429
8390.242 8464.188 9314.098 8876.596 9710.918 7935.925 7122.268
8532.098 8631.925 9526.662 8927.555 9818.523 8096.779 7208.267
8562.702 8747.456 9801.890 8957.364 9907.130 8265.448 7289.106
8646.254 8939.612 10076.580 9033.235 10092.051 8326.192 7388.569
8651.373 9017.568 10307.775 9104.713 10235.374 8451.151 7456.490
8687.194 9166.023 10433.483 9129.792 10434.749 8573.200 7520.249
8675.494 9316.624 10639.712 9085.355 10553.038 8653.364 7570.839
8638.246 9266.875 10690.081 8971.866 10605.034 8811.027 7562.030
8660.348 9345.313 10807.656 8913.036 10678.935 8951.063 7584.954
8596.191 9499.042 10869.054 8789.643 10812.279 9012.076 7601.738
8580.209 9610.982 10871.183 8713.242 10903.632 9021.021 7621.590
8514.742 9692.864 10817.651 8717.645 10982.694 9038.094 7627.573
8513.187 9716.830 10726.072 8612.983 10898.935 9033.480 7604.152
8389.242 9646.804 10665.532 8595.062 10860.442 9082.484 7577.491
8350.251 9617.527 10519.454 8504.610 10774.529 9014.531 7531.055
8282.754 9547.112 10306.615 8407.228 10740.534 8911.828 7480.917
8187.830 9428.162 10155.493 8337.544 10708.866 8905.250 7453.197
8120.056 9409.264 9996.949 8424.236 10659.930 8898.251 7416.384
8134.573 9381.817 9872.167 8444.859 10795.396 8858.855 7407.462
8115.022 9232.781 9772.288 8387.196 10755.504 8787.799 7379.305
8097.982 9259.643 9682.552 8385.200 10776.944 8828.611 7387.775
8108.567 9256.084 9615.816 8346.546 10836.766 8886.157 7389.046
8199.266 9283.414 9598.354 8443.289 10877.675 9018.795 7428.708
8230.762 9309.576 9575.545 8565.208 10876.233 8998.771 7433.524
8388.486 9327.700 9623.591 8673.157 10991.645 9079.963 7480.912
8495.341 9380.884 9766.381 8595.556 11012.667 9138.982 7505.879
8686.179 9458.372 9874.032 8657.941 11089.754 9197.092 7583.396
8890.923 9543.058 10075.969 8682.777 11216.579 9430.367 7670.985
9051.594 9611.451 10248.505 8679.682 11397.251 9646.606 7750.286
9130.960 9686.036 10442.934 8621.145 11462.834 9831.717 7799.875
9311.528 9842.909 10684.113 8652.976 11464.821 9853.466 7866.806
9377.566 9884.972 10895.573 8609.403 11530.042 10057.857 7917.253
9472.181 9973.869 11048.684 8651.007 11704.662 10178.077 7990.077
9500.075 10053.604 11205.475 8532.641 11812.894 10201.885 8033.099
9686.554 10124.911 11349.210 8535.806 11884.325 10373.911 8113.082
9630.381 10135.596 11381.108 8430.266 11882.051 10347.960 8098.421
9666.820 10175.693 11415.187 8397.563 11923.126 10400.847 8125.805
9688.345 10108.896 11229.460 8271.085 11881.146 10389.719 8074.547
9503.844 9996.513 11157.007 7999.860 11789.995 10399.113 7989.691
9470.766 10073.167 11046.242 7966.543 11686.297 10354.132 7956.939
9415.251 10001.721 10911.246 7902.886 11562.935 10215.410 7909.341
9346.350 9902.217 10721.477 7833.167 11469.073 10112.045 7865.530
9214.606 9885.676 10535.007 7809.973 11299.701 9999.283 7816.045
9089.975 9895.035 10346.597 7843.240 11076.533 9945.651 7789.999
9017.642 9711.364 10097.624 7795.154 10842.021 9725.527 7711.300
8949.496 9655.495 9858.635 7840.326 10720.657 9603.413 7649.331
8909.795 9700.831 9717.507 7803.599 10494.551 9383.182 7610.022
8993.360 9699.118 9575.991 8004.437 10443.203 9274.519 7625.756
9050.523 9651.909 9373.230 8049.317 10253.566 9149.372 7604.078
9014.567 9745.979 9262.224 8135.045 10255.352 9093.236 7630.046
9145.083 9912.307 9341.573 8290.917 10283.881 9142.174 7713.347
9262.976 9997.098 9431.508 8400.248 10119.218 9137.416 7757.472
9422.430 10048.965 9435.674 8542.132 10148.248 9191.776 7817.431
9541.915 10100.989 9528.871 8697.562 10105.274 9209.420 7875.888
9768.345 10051.042 9631.219 8750.620 10100.977 9257.261 7948.532
9978.185 10208.548 9814.668 8912.300 10290.688 9384.545 8085.554
10155.060 10312.707 9997.352 8954.071 10453.851 9560.271 8195.581
10455.135 10521.230 10348.516 9018.461 10586.687 9675.079 8354.566
10645.262 10671.220 10562.029 8967.218 10760.209 9834.547 8453.832
10724.505 10637.738 10719.700 8991.107 10810.578 9902.324 8507.337
10764.428 10698.274 10899.540 8996.133 10979.668 10019.951 8572.743
10873.083 10720.047 11038.970 9062.489 11129.389 10135.198 8639.346
10917.279 10751.708 11225.744 8941.636 11244.426 10135.215 8658.820
10872.463 10743.169 11188.241 8846.345 11354.702 10259.532 8643.809
11020.213 10737.221 11137.854 8846.833 11404.599 10167.152 8665.660
11161.724 10809.173 11156.783 8847.853 11548.898 10256.667 8706.958
11013.931 10679.713 10996.620 8773.562 11510.165 10109.407 8616.249
11024.729 10648.658 10858.380 8649.062 11541.760 10030.411 8580.244
10948.331 10484.615 10678.615 8464.048 11528.111 9950.502 8485.333
11025.219 10312.215 10504.513 8452.818 11411.894 9974.644 8440.190
10831.388 10210.438 10228.202 8307.353 11276.448 9790.948 8350.653
10733.378 10096.120 10041.931 8320.098 11025.597 9575.679 8270.924
10688.671 10046.619 9854.812 8232.701 10845.770 9421.504 8211.470
10713.383 9912.020 9647.698 8207.040 10649.456 9323.933 8135.323
10568.673 9906.974 9453.798 8176.414 10451.003 9276.859 8065.212
10538.185 9770.218 9355.157 8005.260 10254.578 9225.572 7988.457
10425.411 9770.762 9192.797 8115.069 10079.896 9171.090 7951.598
10349.236 9644.085 9097.023 8160.316 9882.646 9036.081 7912.950
10413.056 9673.795 9055.272 8213.759 9807.078 8911.890 7923.124
10466.335 9637.644 9027.541 8245.746 9743.441 8973.782 7916.920
10613.022 9656.041 9117.177 8473.500 9666.269 8967.574 7965.079
10815.820 9685.442 9204.354 8624.289 9648.325 8991.408 8039.987
10914.478 9670.768 9272.566 8678.869 9670.151 8932.822 8062.034
10884.562 9671.724 9325.087 8764.134 9670.154 8978.166 8090.383
11005.214 9794.484 9468.920 8800.991 9630.461 9085.563 8144.801
11024.230 9854.784 9632.906 8865.818 9756.341 9052.023 8197.765
11193.190 9816.284 9745.504 8851.054 9951.205 9165.655 8235.932
11221.873 9737.004 9921.422 9001.992 10077.994 9242.831 8288.249
11192.891 9774.613 9997.771 9055.755 10143.991 9215.369 8291.218
11096.211 9790.503 10093.626 9080.935 10239.510 9282.426 8299.414
11025.532 9725.596 10071.761 9097.204 10380.039 9206.041 8255.377
11018.418 9643.530 10039.593 9054.821 10396.385 9292.715 8234.964
10925.986 9615.400 10074.426 9063.158 10509.767 9394.122 8227.294
10874.214 9618.199 10100.776 9050.270 10571.310 9296.788 8188.749
10823.315 9590.348 10045.720 9117.954 10606.974 9260.896 8162.493
10748.671 9423.409 9878.484 9008.316 10618.018 9184.666 8066.542
10601.548 9237.107 9815.651 8917.880 10566.560 9274.821 7999.271
10485.998 9126.509 9632.116 8886.553 10577.917 9226.112 7927.902
10396.837 9060.772 9481.464 8835.600 10356.183 9304.202 7837.688
10250.512 8875.919 9344.921 8925.387 10188.733 9128.352 7732.641
10180.642 8779.839 9200.384 8954.372 10083.229 9101.821 7670.102
10005.050 8634.306 9079.659 8930.646 9870.646 9048.823 7577.738
9993.725 8622.613 8995.374 8913.828 9795.788 9028.030 7528.439
9827.089 8580.559 8848.024 8840.488 9780.894 9035.125 7450.071
9705.110 8478.579 8652.743 8771.306 9602.821 9138.224 7376.134
9546.849 8387.678 8478.674 8773.774 9384.015 9027.549 7282.943
9482.223 8296.191 8351.138 8691.194 9318.467 8956.228 7224.998
9343.879 8335.967 8256.252 8657.890 9313.918 8945.802 7198.617
9226.590 8324.666 8097.617 8582.767 9237.792 8916.306 7140.327
9219.078 8447.644 8040.693 8625.417 9097.862 8917.449 7124.827
9164.000 8419.457 8010.412 8495.480 9008.042 8857.350 7061.865
9091.216 8436.956 8073.810 8428.940 8943.585 8770.934 7035.541
8967.140 8512.231 8028.464 8336.747 8845.449 8758.177 6995.449
8865.195 8531.220 8057.952 8389.466 8885.310 8692.681 6990.787
8843.641 8530.092 8115.671 8411.715 8792.630 8672.926 7000.043
8806.140 8393.102 8148.281 8312.938 8786.323 8791.826 6963.012
8790.128 8351.076 8143.709 8219.888 8750.061 8703.200 6932.129
8693.506 8410.947 8158.102 8145.428 8742.617 8652.829 6902.166
8763.189 8369.759 8232.478 8152.013 8718.822 8601.359 6896.196
8626.470 8381.782 8101.611 8144.367 8639.717 8426.709 6845.809
8486.062 8398.801 8048.393 8144.066 8625.049 8345.114 6798.538
8389.562 8254.914 7967.089 8075.731 8564.461 8356.142 6745.037
8309.170 8210.730 8013.417 7962.080 8563.357 8383.283 6718.583
8143.477 8052.329 7944.409 7828.324 8521.801 8233.034 6646.040
8101.352 8004.833 7890.252 7769.013 8497.072 8206.385 6610.158
7881.211 7896.806 7769.714 7626.594 8468.403 8025.453 6518.182
7764.662 7770.160 7666.799 7609.790 8414.184 7888.600 6466.179
7679.916 7691.251 7496.728 7445.350 8267.766 7853.680 6370.909
7601.152 7728.694 7385.150 7352.976 8175.347 7854.069 6318.478
7480.270 7586.018 7231.993 7347.277 8076.507 7679.227 6260.915
7386.117 7567.792 7131.342 7244.115 8051.297 7618.307 6216.428
7273.869 7488.662 7069.545 7140.854 7966.964 7562.314 6144.312
7272.503 7407.900 6976.181 7131.358 7870.689 7437.591 6089.720
7133.495 7287.505 6866.330 7025.723 7693.470 7456.948 6005.628
7030.163 7101.268 6839.802 6892.956 7539.657 7372.045 5951.390
7002.353 7113.695 6683.618 6968.560 7517.456 7336.234 5910.243
6910.985 7028.514 6623.077 6908.900 7464.954 7210.794 5869.772
6854.111 6960.064 6529.262 6863.490 7294.239 7148.084 5806.547
6812.951 7003.792 6484.456 6793.691 7300.378 7216.740 5778.463
6807.736 7007.952 6525.629 6681.961 7265.414 7269.434 5756.332
6696.768 6955.280 6365.134 6590.670 7122.349 7082.688 5683.974
6603.093 6910.515 6303.265 6487.245 7055.638 6925.794 5614.114
6591.556 6770.381 6255.981 6467.568 7051.429 6954.574 5584.246
6499.940 6721.137 6232.234 6321.190 6873.333 6771.232 5498.465
6496.689 6593.999 6081.729 6233.028 6858.404 6711.865 5435.098
6604.090 6653.116 6221.722 6224.986 6956.959 6826.018 5493.068
6482.295 6605.642 6147.165 6136.750 6876.398 6769.341 5437.729
