7708.794 7883.921
7320.974 7451.879
7150.910 7796.869
6855.063 7374.202
6651.009 6641.741
6268.504 6184.551
5994.772 5771.804
5866.339 5866.981
5567.137 5698.598
5843.444 5693.214
6159.362 5565.183
6703.466 5627.129
7134.871 5667.272
7547.163 5982.716
7696.510 6285.519
7742.449 6266.649
7661.007 6440.021
7280.192 6298.235
7108.710 6492.695
6854.252 6286.094
6828.117 6320.183
6678.422 6088.508
6916.224 6072.973
7313.433 6263.278
7670.024 6524.316
8163.151 6948.895
8323.907 7181.659
8587.509 7697.238
8274.398 7547.527
8071.101 7716.226
7704.422 7580.675
7282.794 7495.222
6937.285 7253.769
6607.121 6930.581
6583.098 6706.131
6819.028 6334.929
7469.795 6521.337
8005.266 6426.146
9029.477 6862.202
9457.360 6869.044
9769.455 7339.760
9832.836 7810.095
9407.546 7820.752
8942.746 7880.262
8134.524 7536.821
7749.411 7330.695
7244.778 7029.436
6847.276 6773.187
6627.549 6590.854
6703.520 6304.537
7305.776 6103.621
7966.935 5995.807
8833.621 6141.852
9196.463 6019.470
9555.395 6382.962
9511.954 6542.363
9086.925 6779.051
8779.612 6755.253
8271.271 6793.688
7823.941 6766.898
7228.182 6654.972
6820.538 6397.754
6443.636 6283.807
6123.879 5991.257
6090.102 5923.787
6426.630 5792.386
6890.965 5805.526
7536.709 5870.559
8030.775 5705.766
8762.713 5794.993
8774.109 5564.864
8824.588 5621.834
8748.137 5517.964
8373.529 5495.897
7986.684 5444.657
7516.178 5318.826
7350.679 5359.937
7179.483 5368.896
6871.016 5507.283
6749.817 5486.375
6486.444 5465.411
6493.006 5538.445
6400.522 5349.426
6305.817 5312.220
6115.537 5176.687
5985.545 5110.317
5903.586 5098.723
5616.668 4803.312
5548.521 4723.657
5491.031 4649.341
5375.016 4612.896
