12870.595 15155.733 16733.754 10861.522 13289.056
14159.211 17103.943 19096.316 11622.840 14870.432
15544.121 18503.004 21287.379 12372.620 16207.565
16028.617 18826.414 22657.922 13013.086 16864.715
16250.602 19404.965 23312.420 13461.510 17260.041
16159.663 19458.322 23095.201 13354.425 16961.711
15712.944 18660.350 22678.340 12969.417 16940.699
15435.192 18094.895 22227.572 12758.255 15968.616
14934.661 17727.018 21429.898 12450.410 15261.935
14418.890 16854.826 20661.324 12041.173 14623.229
14262.657 16649.691 20135.742 11613.730 13927.146
13813.903 16116.043 19334.652 11142.127 13283.740
13566.071 16028.865 18772.236 10572.366 12905.435
13063.550 15508.233 17671.828 10203.800 12150.104
12506.510 14733.179 17238.383 9907.110 11677.881
12334.252 14404.202 16562.805 9864.520 11521.392
11911.479 14035.159 15750.578 9373.276 11379.432
11676.225 13562.716 15371.764 9143.467 11096.858
11272.083 13178.432 15247.857 8858.317 10688.717
11226.937 13206.999 15171.753 8609.682 10416.298
11244.187 12901.290 14748.753 8468.721 10114.467
11393.416 13255.296 14752.147 8330.153 10252.006
11511.601 13541.743 14888.402 8413.924 10592.354
12020.634 13993.221 15119.699 8448.404 10801.253
12304.684 14400.408 15255.216 8461.916 10882.319
12704.051 14986.820 15781.964 8648.786 11742.963
13046.256 15448.373 15939.780 8806.800 11873.728
13833.771 16185.814 16569.621 9208.706 12525.184
14404.553 16979.033 17274.252 9523.192 13234.111
14886.327 17867.580 17929.125 9893.381 13716.746
15547.056 18678.600 18474.633 10243.445 14552.112
15956.939 19444.738 19227.469 10543.213 15250.400
16325.101 19942.854 19631.984 10921.046 15899.174
16530.508 20516.281 20010.436 11180.463 16480.379
16824.598 21043.225 20437.996 11369.804 17203.654
16949.012 21488.404 20826.270 11805.063 17557.629
17169.576 21638.105 21070.695 12147.188 17882.625
17099.053 21773.678 21328.805 12490.815 18041.760
17242.646 22120.291 21519.873 12919.331 18407.680
17191.992 22549.365 21877.764 13137.847 18689.246
17444.807 22685.330 22201.436 13437.808 19008.078
17472.324 22942.057 22475.066 13675.718 19111.160
17365.836 22921.764 22430.715 13933.080 19121.721
17347.584 22852.699 22379.031 13909.949 19221.930
17492.973 23198.506 22383.736 14317.560 19440.357
17471.688 23336.932 22551.691 14415.463 19494.594
17434.168 23484.428 22433.742 14567.665 19753.805
17429.480 23548.887 22329.723 14785.733 20109.773
17261.852 24026.611 22488.381 15061.399 20207.762
17331.400 24373.135 22759.607 15362.300 20548.521
17712.154 24903.580 22904.668 15705.894 20544.113
18253.928 25582.426 23047.902 16133.132 20737.990
18624.693 26582.518 23758.488 16691.314 20864.057
19300.070 27406.367 24344.955 17128.217 21352.182
19594.648 28133.809 24794.391 17523.184 21721.430
19920.004 28957.930 25492.723 18293.406 21983.141
20475.820 29472.303 25999.834 18680.285 22725.371
20908.797 30206.863 26428.311 19108.652 23284.121
21166.934 30974.039 26557.855 19273.178 23724.775
21423.838 31585.572 26956.623 19677.654 24164.029
21422.566 31687.545 27786.836 19755.340 24481.625
21861.355 31967.922 28075.744 19962.402 24721.822
21771.555 31856.951 28393.852 20002.928 24814.891
21744.055 31952.996 28891.010 20260.002 24962.414
21397.906 31835.180 28868.303 20144.336 24842.219
21291.650 31823.277 29075.990 20135.902 24587.691
20790.688 31668.031 28637.740 20032.725 24483.365
20637.604 31404.848 28637.322 19836.328 24009.283
20608.141 30949.404 28276.281 19568.734 23505.297
20108.900 30409.373 27964.766 19217.225 23373.445
19941.773 29810.840 27491.088 18918.049 23170.951
19538.988 29061.043 27187.516 18735.057 22870.602
19575.143 28511.549 26963.027 18576.961 22606.189
19291.557 27773.516 26440.936 18276.891 22339.562
19054.838 27147.359 26220.205 18140.812 22009.330
18804.268 26589.443 25644.096 17974.596 21633.908
18679.234 26367.016 25219.023 17850.820 21639.561
18571.043 26314.342 24836.354 17859.994 21455.965
18290.488 26262.695 24441.588 17776.252 21222.801
18584.842 26029.119 24537.252 17808.777 20849.012
18645.312 26021.865 24529.658 17738.395 21085.209
18959.205 26338.422 24977.893 17658.076 21215.301
19117.906 26696.906 25170.111 17792.162 21149.740
19429.984 27221.668 25440.762 17746.039 21156.119
19778.482 27588.219 25860.008 17867.479 21442.822
19844.600 28345.887 26486.801 17817.795 21410.711
20011.078 28794.977 26873.434 17953.725 21538.883
19976.076 29089.053 27190.521 17969.082 21689.664
19813.473 29435.238 27554.291 18087.051 21620.910
19694.621 29510.242 27905.582 18167.752 21580.082
19723.916 29687.457 28049.393 18087.244 21469.801
19540.420 29611.621 28158.359 17865.582 21184.732
19356.490 29268.143 28306.170 17785.074 20986.236
19057.441 28965.238 28473.107 17654.717 20633.053
18698.953 28383.492 28320.342 17476.951 20255.316
18261.900 28123.076 28293.855 17265.016 20225.014
17844.533 27662.365 27795.328 17123.109 19765.582
17530.533 26977.480 27538.844 16815.225 19234.061
17306.779 26275.432 27121.648 16450.547 18964.742
17015.779 25746.078 26596.949 16259.188 18639.023
16782.146 25153.406 25973.186 15967.675 18338.342
16397.197 24735.383 25690.570 15720.678 18019.400
16244.981 24232.553 24934.453 15456.668 17790.258
16059.210 23761.408 24293.529 15279.748 17537.131
16016.459 23434.135 23562.057 15147.969 17551.578
15824.441 23085.615 23044.367 14676.341 17327.494
15949.626 23043.018 22817.367 14570.685 17210.711
16094.206 23217.951 22636.691 14513.269 17352.049
16499.258 23478.201 22472.664 14492.341 17580.822
16657.213 23537.549 22249.207 14467.196 17718.229
17183.904 23719.365 22210.850 14475.986 17862.574
17443.969 24181.260 22381.236 14614.166 18201.139
17719.857 24855.545 22672.971 14734.446 18384.994
17994.354 25547.105 22897.152 14776.267 18773.609
18288.068 26589.826 23300.713 14849.171 19184.582
18489.383 27267.213 23573.209 14920.552 19089.193
18673.367 28090.271 24051.775 15106.697 19298.412
18854.006 29207.994 24543.643 15190.464 19519.965
18891.631 30048.270 24999.508 15427.375 19672.268
18821.062 30535.146 25491.832 15519.489 19615.883
18593.244 31028.066 25837.531 15608.617 19419.371
18564.756 31477.539 26346.369 15786.440 19366.637
18207.953 31736.109 26675.510 15601.644 19191.492
18230.535 31983.473 27025.762 15451.674 19222.088
17617.902 31708.934 27467.566 15297.689 19148.221
17267.982 31831.254 27430.131 15149.540 19055.840
16971.648 31591.443 27180.260 15019.855 18597.340
16537.818 31341.328 27268.121 14720.643 18355.266
16342.809 31040.002 27404.857 14605.020 17926.824
16182.162 30743.395 27211.006 14519.178 17596.982
16234.517 30311.105 26955.520 14406.771 17197.738
16219.375 30029.283 26713.557 14086.542 16985.354
16177.600 29532.141 26504.689 13918.520 16833.734
16281.720 29170.279 26663.113 13844.954 16702.422
16352.665 28846.943 26135.088 13761.124 16666.465
16458.684 28649.785 25949.549 13665.825 16504.512
16491.037 28671.996 25747.195 13439.688 16303.533
16603.318 28647.920 25550.408 13320.681 16351.930
16891.531 28840.512 25448.414 13309.606 16401.934
17091.357 28952.391 25262.891 13235.412 16577.545
17363.895 28980.594 25690.840 13202.981 16651.635
17565.195 29133.141 25465.500 13246.383 16681.793
17647.268 29707.580 25208.314 13233.608 16959.615
18124.980 30348.324 25414.828 13359.405 17224.080
18379.836 30820.734 25581.154 13447.049 17439.674
18527.426 31455.822 25894.920 13747.216 17661.301
18860.859 31863.139 25953.375 14001.843 17951.348
19098.588 32433.582 26177.094 14211.389 18239.779
19177.090 32968.207 26285.377 14427.189 18422.551
19349.994 33731.102 26314.006 14805.686 18463.842
19554.422 34478.996 26773.564 15157.881 18580.955
19422.842 34887.586 26865.705 15254.853 18526.699
19422.705 35490.312 27101.039 15413.411 18526.182
19155.279 35734.238 27378.008 15546.165 18362.818
19137.586 35918.012 27545.463 15674.479 18273.646
18985.734 35877.105 27648.283 15666.426 18327.547
18748.303 35861.461 27317.158 15651.852 18201.045
18779.969 35344.945 27267.396 15787.218 18070.562
18565.625 34585.020 26961.320 15997.696 17953.340
18367.412 34180.363 26875.189 15895.622 17656.152
18193.816 33859.879 26734.201 15890.208 17401.279
18119.922 33302.062 26536.725 15768.278 17440.637
17886.949 32644.361 26528.812 15793.895 17114.557
17805.361 32176.035 26313.684 15625.476 16916.260
17600.543 31611.785 26110.373 15546.336 16788.355
17478.971 31273.145 25991.707 15275.939 16534.850
17301.865 30752.549 25709.447 15089.753 16631.035
17473.836 30108.924 25342.461 15031.282 16543.840
17112.215 29659.660 24728.732 14847.318 16467.990
17120.201 29078.738 24516.213 14771.696 16670.791
17085.617 29038.676 24556.559 14617.155 16661.025
17086.768 29061.355 24121.289 14548.716 16746.508
16929.955 29105.143 23729.162 14591.854 16729.584
16957.818 28684.338 23583.752 14709.544 16809.799
16995.432 29027.779 23145.195 14696.801 16815.758
16798.303 28766.725 22693.543 14761.639 17007.680
16650.096 28862.025 22185.666 14841.143 17117.477
16629.963 28711.902 21816.291 15049.281 17386.740
16413.213 28751.775 21455.375 15048.188 17728.613
16016.736 28793.215 21032.818 15114.626 18022.078
15794.575 29015.852 20951.771 15323.853 18196.324
15675.976 29434.842 20819.250 15335.084 18256.631
15711.093 29546.887 20560.227 15488.724 18559.158
15531.711 29491.740 20036.031 15741.897 18436.631
15488.021 29550.691 19616.732 15967.837 18553.029
15271.593 29706.559 19409.369 16249.366 18780.918
15237.293 29591.291 19165.123 16167.009 18720.562
14936.927 29395.324 18717.582 16357.103 18354.727
15010.166 29271.434 18307.010 16347.810 18140.215
14933.468 28667.809 17598.123 16454.293 18095.789
14759.026 28514.713 17069.453 16385.477 17858.385
14844.528 27760.521 16681.629 16516.170 17922.082
14820.666 27618.516 16061.825 16638.994 17747.852
14729.072 26879.082 15552.196 16242.598 17428.758
14718.453 26608.760 15198.352 16367.567 16965.494
14546.778 26336.371 14884.084 16395.686 16643.166
14494.346 25651.467 14583.711 16376.967 16481.643
14314.052 24670.791 14255.714 16095.512 16438.793
14234.441 24164.012 13834.859 15963.811 16480.805
14346.841 23719.037 13635.219 15765.640 16438.787
14382.560 23214.730 13116.858 15547.487 16405.814
14320.182 22694.076 12844.009 15462.170 16403.598
14004.794 22134.465 12497.033 15381.080 16233.175
14178.100 21747.559 12336.797 15375.780 16321.620
14065.819 21228.299 11854.579 15384.894 16191.434
13931.167 20742.881 11578.093 15187.292 16171.613
13788.968 19950.146 11567.969 15068.308 16186.681
13670.591 19526.080 11397.479 14961.480 16149.744
13547.487 19084.148 11062.678 14917.283 16147.646
