7946.487 8937.548 9772.577 7935.428 9098.502 8498.905 7846.316 11623.716 7969.557
8139.642 9194.665 10116.749 8012.500 9451.729 8918.951 8221.688 12156.670 8254.640
8404.356 9422.657 10444.045 8244.651 9815.853 9321.879 8526.395 12524.832 8526.833
8632.837 9585.764 10547.359 8474.060 10139.204 9519.362 8654.857 12891.169 8747.619
8730.088 9720.063 10625.709 8554.113 10348.656 9638.567 8703.245 13079.035 8872.628
8932.020 9891.428 10729.272 8697.857 10615.177 9832.144 8772.511 13286.978 9038.980
9083.987 10001.757 10892.628 8747.446 10959.597 10004.146 8851.092 13437.436 9191.617
9282.584 10167.519 10985.363 8809.469 11228.635 10056.097 8968.480 13789.591 9354.027
9349.459 10348.881 11032.841 8904.110 11641.835 10058.616 9044.009 13823.578 9464.080
9358.825 10265.894 10790.249 8715.568 11462.706 9859.854 8798.957 13571.185 9346.083
9591.740 10451.307 10890.446 8913.622 11698.914 10025.512 8917.443 13750.599 9531.238
9639.266 10590.220 10946.408 8924.119 11789.613 9992.938 8979.495 13890.929 9601.425
9521.633 10580.875 10735.180 8929.522 11605.443 9804.534 8851.230 13721.764 9526.307
9430.889 10478.619 10522.304 8871.050 11574.734 9585.717 8806.850 13538.893 9455.303
9373.586 10511.436 10544.279 8861.471 11762.421 9593.983 8872.386 13700.413 9507.532
9295.151 10376.750 10472.914 8821.480 11650.509 9400.960 8817.274 13611.654 9454.457
9168.472 10190.262 10348.739 8645.287 11537.914 9202.733 8671.156 13436.105 9330.444
9090.960 10044.975 10316.634 8628.717 11285.609 9026.543 8571.193 13311.482 9236.385
8907.722 9932.977 10018.890 8515.979 10954.974 8911.545 8430.941 13111.796 9082.284
8836.256 9884.280 9897.693 8471.366 10718.930 8866.552 8464.157 12939.032 9017.075
8750.005 9993.731 9898.942 8389.132 10569.139 8902.930 8514.628 12919.626 8989.894
8675.434 9946.533 9890.642 8288.956 10334.462 8922.580 8705.806 12874.553 8957.775
8641.741 9889.045 9989.855 8171.548 10215.490 8998.143 8782.488 12942.062 8961.476
8719.525 9814.663 10101.307 8152.481 10019.353 9049.903 8966.287 12896.835 8975.460
8666.204 9828.531 10307.381 8133.789 9808.525 9173.141 9104.922 12798.578 9000.797
8743.430 9836.421 10426.952 8079.705 9778.857 9322.969 9221.384 12850.119 9070.359
8856.197 10034.717 10670.526 8129.263 9705.701 9563.793 9438.239 12993.277 9200.113
8995.120 10352.702 10990.648 8103.687 9553.605 9892.979 9679.329 13246.508 9355.229
9213.125 10720.730 11462.450 8206.505 9885.211 10564.110 10156.152 13516.332 9660.310
9420.445 10965.076 11747.741 8287.843 10035.618 10759.825 10286.332 13583.352 9830.979
9712.716 11338.075 12125.599 8445.393 10389.188 11034.928 10552.521 13741.663 10092.137
10015.955 11702.718 12570.125 8749.145 10595.246 11528.414 10824.254 14300.135 10421.563
10284.958 11908.575 12805.768 8942.493 10958.521 11631.036 10998.021 14467.626 10642.174
10601.915 12173.449 13068.662 9206.438 11250.632 12020.172 11242.886 14845.822 10914.441
10749.085 12268.710 13292.133 9423.703 11536.397 12173.872 11373.110 15074.387 11099.007
10956.718 12444.076 13602.836 9729.410 11825.799 12235.527 11429.875 15320.260 11310.034
11107.488 12696.993 13758.404 10026.208 12166.177 12465.440 11520.539 15631.123 11515.217
11232.174 12776.251 13837.915 10173.935 12342.726 12534.431 11694.126 15835.111 11629.500
11366.571 12655.570 13905.403 10328.841 12397.442 12528.942 11650.664 15951.249 11691.943
11325.680 12511.958 13720.058 10335.607 12266.146 12327.489 11548.581 15799.514 11610.847
11380.739 12450.750 13597.801 10443.356 12364.354 12217.384 11543.134 15806.888 11632.267
11349.549 12392.833 13506.191 10535.072 12287.608 11969.819 11506.195 15873.188 11595.491
11260.230 12293.100 13404.248 10480.021 12132.550 11863.101 11552.783 15888.270 11523.979
11120.701 12093.739 13285.393 10394.602 11992.927 11632.952 11302.080 15696.708 11377.929
10834.741 11720.236 12962.666 10171.144 11680.938 11347.021 10995.793 15492.071 11123.084
10673.371 11409.228 12679.853 10158.705 11447.116 11125.975 10772.263 15256.747 10936.599
10240.835 10928.383 12197.464 9869.501 11105.180 10766.117 10468.104 14924.864 10551.075
10323.078 11174.166 12339.489 9986.341 11074.023 10872.394 10589.536 15033.868 10663.122
10178.224 11037.382 12244.084 9997.157 11008.190 10977.167 10610.234 14977.721 10624.060
10008.324 11001.604 12228.939 9943.287 10795.365 10960.498 10589.744 14813.982 10558.468
9810.869 10773.815 12065.489 9753.543 10430.019 10834.270 10354.483 14343.566 10350.587
9902.021 10890.922 12353.767 9856.096 10589.403 11298.243 10593.193 14530.693 10547.340
9978.373 10978.434 12566.242 9868.372 10750.902 11666.893 10919.375 14523.341 10687.768
10267.060 11267.541 13029.661 10190.584 11132.551 12265.098 11471.721 14781.076 11017.070
10223.555 11414.085 13612.512 10117.772 11347.092 12784.523 11958.245 14990.356 11230.377
10432.787 11701.685 14070.505 10205.597 11766.222 13028.197 12282.983 15167.933 11512.775
10681.599 12011.345 14667.688 10346.874 12059.740 13556.806 12734.181 15382.062 11836.579
10993.010 12356.621 15040.570 10540.920 12495.790 13923.548 13078.001 15693.729 12171.239
11357.644 12805.906 15296.155 10742.530 12886.875 14098.514 13303.165 16050.403 12497.662
11674.628 13224.233 15746.659 11121.553 13246.037 14614.669 13686.132 16345.492 12865.889
11911.371 13545.521 15904.246 11370.452 13551.784 14821.908 13827.351 16696.896 13131.217
12183.647 13867.027 16300.316 11765.073 14123.140 15105.144 14093.682 17173.062 13489.534
12410.061 14072.869 16433.166 12228.804 14438.304 15215.039 14163.609 17614.955 13740.378
12608.289 14270.455 16455.342 12440.128 14699.886 15446.790 14279.702 17847.906 13921.704
12591.261 14353.539 16487.262 12585.816 14821.453 15363.456 14078.915 18112.758 14024.114
12583.661 14248.592 16190.932 12791.653 14845.811 15221.290 13869.285 18171.490 14015.024
12426.701 14068.565 15869.712 12931.984 14795.149 14790.063 13543.500 18271.125 13921.358
12328.672 13858.212 15477.234 12929.173 14613.682 14439.206 13199.798 18283.408 13792.059
12207.170 13653.467 14959.605 12872.854 14385.733 14002.021 12742.013 18197.428 13613.572
12049.098 13452.012 14689.665 12859.419 14359.646 13998.675 12713.036 18066.477 13507.455
11871.578 13181.501 14500.050 12820.352 14186.600 13732.533 12480.309 18102.785 13360.688
11718.288 12873.959 14026.008 12742.308 13993.004 13467.688 12077.252 18035.238 13165.557
11454.446 12643.514 13600.253 12585.356 13593.182 13053.994 11656.598 17778.398 12891.853
11288.847 12278.879 13152.049 12429.521 13438.325 12821.206 11320.804 17585.496 12669.931
11023.312 12101.215 12911.067 12421.940 13221.531 12658.979 11013.519 17477.285 12497.815
10807.081 11742.828 12622.636 12050.382 12988.819 12583.680 10803.169 17241.412 12271.261
10740.396 11592.208 12394.810 11929.568 12750.229 12531.945 10699.969 17187.844 12161.402
10694.898 11502.306 12341.727 11749.127 12714.372 12655.332 10583.369 17220.590 12138.074
10635.281 11294.941 12459.294 11561.369 12574.313 12831.347 10802.137 17097.674 12078.830
10591.474 11281.549 12693.312 11521.057 12653.040 13309.568 10859.774 17160.613 12178.862
10819.866 11407.032 13019.576 11504.160 12827.771 13879.556 11256.642 17282.711 12360.658
10971.268 11469.901 13542.927 11502.008 13039.662 14299.091 11646.483 17294.754 12526.694
11187.502 11649.722 13835.966 11530.272 13076.805 14656.499 12066.389 17175.229 12651.009
11459.152 11830.630 14250.434 11605.259 13349.176 15199.901 12516.126 17427.002 12921.307
11833.632 12232.992 14800.996 11883.216 13674.660 15816.083 13018.051 17883.180 13303.354
12167.287 12493.985 15321.760 12253.155 13963.676 16190.404 13558.159 18258.531 13663.062
12508.917 12754.567 15633.869 12552.568 14109.319 16432.799 13679.251 18776.961 13970.269
12768.355 12952.160 15752.737 12999.716 14166.858 16507.324 13916.748 18784.266 14160.475
13155.610 13170.484 15878.627 13446.992 14428.950 16729.676 14198.877 19197.246 14467.118
13320.226 13311.426 15806.114 13813.675 14472.239 16543.672 14010.715 19184.561 14570.639
13587.029 13465.823 15691.730 14225.960 14506.020 16369.593 13976.971 19528.764 14755.050
13533.197 13461.725 15284.406 14671.062 14434.076 16094.298 13724.570 19632.629 14756.674
13512.980 13516.750 14951.667 14924.983 14304.422 15741.131 13224.856 19764.729 14729.550
13463.845 13497.582 14845.768 15403.772 14354.719 15485.633 13081.611 20035.225 14805.301
13247.336 13193.801 14278.169 15527.463 13875.278 14765.046 12375.305 19816.455 14542.101
12935.532 12976.861 13828.020 15555.103 13700.056 14482.325 12015.640 19566.094 14321.193
12777.482 12876.991 13551.329 15741.603 13613.234 14155.630 11708.407 19580.654 14269.201
12409.438 12401.511 13034.359 15733.564 13213.996 13719.672 11240.127 19141.844 13942.182
12129.323 11950.303 12603.514 15541.088 12947.213 13150.836 10822.797 18802.494 13610.847
11779.262 11684.995 12151.595 15490.597 12703.289 12766.307 10304.677 18416.932 13349.698
11539.501 11388.669 11768.960 15308.238 12539.203 12424.123 10017.340 18144.029 13088.627
11329.312 11146.436 11566.080 15335.164 12611.076 12346.507 10042.590 17978.027 12990.300
10880.997 10640.017 11216.697 14923.475 11885.991 11878.773 9544.343 17166.061 12479.974
10726.076 10487.965 11113.478 14828.244 11669.797 11798.498 9325.759 16944.457 12344.849
10690.610 10510.087 11174.831 14868.897 11709.167 11840.234 9263.717 16942.145 12338.181
10677.513 10357.639 11256.203 14756.886 11901.498 12088.009 9549.877 17081.293 12382.726
10468.857 10137.163 11174.296 14293.531 11573.685 12073.718 9363.218 16475.719 12077.991
10473.491 10036.792 11418.740 14075.266 11594.729 12408.358 9371.902 16379.646 12081.820
10700.511 10183.147 11755.794 14178.910 11788.173 12983.071 9689.116 16414.482 12255.692
10812.988 10307.662 12220.899 14019.690 12104.536 13479.060 9977.507 16586.174 12403.685
11069.874 10496.822 12549.939 14149.729 12464.012 14196.436 10466.789 16757.736 12637.117
11264.352 10660.577 12804.339 14109.914 12547.134 14633.786 10891.325 16659.043 12755.917
11438.152 10740.610 12964.433 14025.364 12461.403 14793.032 11019.090 16393.289 12774.552
11648.705 10772.304 12955.715 14194.006 12452.997 15019.928 11096.400 16271.460 12816.995
11883.818 11092.244 13024.951 14291.827 12501.068 15188.905 11420.065 16498.158 12985.434
11882.228 10995.742 12810.015 14134.871 12148.592 14856.687 11247.408 15997.901 12748.858
12063.473 11122.619 12775.077 14305.507 12097.053 14850.472 11300.988 15757.478 12817.388
12251.896 11503.713 12969.991 14746.430 12338.588 14871.846 11571.593 16193.831 13057.721
12354.909 11523.068 12863.007 14811.985 12393.743 14744.645 11690.349 16174.316 13056.150
12030.989 11388.028 12381.297 14559.469 11884.200 14174.113 11254.349 15586.890 12664.483
12242.381 11469.134 12490.685 14952.245 11885.785 14369.515 11190.701 15748.520 12794.293
12159.848 11288.728 12277.331 15135.122 11763.844 14085.261 11071.208 15445.296 12677.858
11971.954 11043.850 12051.680 15086.917 11518.399 13871.763 10976.983 15136.152 12514.192
11768.537 10865.959 11761.360 15030.425 11109.711 13383.484 10710.912 14587.997 12232.938
11561.322 10752.679 11365.476 14748.690 10722.995 12735.706 10325.955 14098.565 11936.976
11344.454 10627.264 11075.287 14556.129 10410.347 12536.244 10043.709 13729.925 11698.843
11088.982 10376.775 10669.562 14211.001 10042.225 11978.619 9510.012 13062.251 11320.159
10853.479 10178.642 10397.246 14123.338 9861.521 11745.397 9185.145 12625.515 11087.959
10437.927 9675.383 10029.765 13746.681 9399.134 11037.062 8650.546 11944.088 10623.826
10225.123 9350.285 9689.010 13375.546 8976.897 10484.559 8220.993 11422.816 10248.035
10161.491 9237.889 9683.502 13188.979 8824.087 10334.113 8078.658 11114.175 10117.162
10102.194 9164.576 9792.222 13121.746 8976.980 10421.728 8054.772 11111.816 10112.208
10195.184 9162.823 9844.984 13174.027 9082.004 10606.948 8198.777 11278.005 10197.542
10186.617 9253.643 10041.814 13033.153 9162.104 10621.696 8358.834 11365.058 10227.952
10071.429 9247.148 10033.067 12726.317 8994.358 10529.770 8171.878 11009.594 10026.289
10122.769 9163.862 10038.570 12527.464 8806.025 10420.003 7944.150 10885.979 9929.214
10221.412 9242.361 10132.951 12347.912 8917.592 10653.315 7910.300 10845.335 9958.775
10367.062 9367.266 10225.755 12317.471 8930.426 10834.557 7852.461 10960.242 10013.663
10506.660 9477.106 10280.798 12228.347 9062.066 10989.220 7933.698 10967.732 10055.532
10614.021 9397.615 10179.251 12034.520 8843.790 10912.621 7859.973 10681.917 9935.274
10744.110 9401.223 10280.537 11762.990 8865.676 10933.480 8003.063 10559.312 9912.086
10846.960 9464.329 10475.754 11763.119 8837.276 11150.967 8168.096 10597.840 9976.511
11212.604 9781.926 10894.454 11978.018 9135.687 11535.255 8477.331 10898.012 10268.232
11244.812 9723.831 10773.640 11800.294 8951.298 11473.161 8223.343 10637.843 10133.151
11173.480 9678.354 10509.946 11518.237 8814.237 11273.584 8156.732 10466.845 9970.272
11212.152 9618.290 10401.175 11214.145 8735.168 11086.305 7979.301 10322.855 9868.907
