13391.004 9231.389 9259.159 6187.686 14143.834 11183.901
13728.341 9510.846 9483.772 6253.174 14744.789 11635.588
13992.364 9672.002 9569.209 6404.592 14934.778 12175.898
14213.339 9786.549 9569.196 6474.289 15091.886 12577.610
14522.617 9858.372 9611.397 6470.649 15383.066 13095.646
14975.581 9981.584 9944.196 6549.708 15806.020 13458.979
15253.588 10013.460 10124.756 6654.272 16044.755 13814.414
15936.879 10301.369 10461.375 6609.917 16621.363 14369.734
16228.318 10363.795 10910.125 6580.083 16902.121 14886.392
16750.252 10492.852 11474.331 6752.200 17342.955 15333.506
17296.656 10592.045 11824.474 6687.867 17642.254 15659.614
17598.404 10673.647 12289.439 6789.927 17871.520 15942.613
17867.490 10701.998 12609.560 6831.907 17822.039 16172.203
17950.217 10772.864 12611.320 6729.631 18029.398 16222.638
17848.475 10591.364 12750.252 6600.485 18098.143 16213.186
17805.131 10522.055 13025.769 6514.502 17996.062 15990.169
17586.748 10401.792 13175.850 6394.164 17744.830 15789.932
17336.014 10152.161 13245.770 6386.198 17408.561 15607.679
16788.840 9848.745 13240.479 6309.390 17062.746 15272.521
16544.850 9592.177 13264.971 6127.592 16808.361 14865.336
15882.034 9427.709 12950.085 6073.753 16337.061 14443.245
15477.285 9250.189 12867.432 5950.194 15926.248 13955.623
14891.111 9037.203 12504.762 5768.775 15631.293 13604.206
14689.436 9020.999 12696.691 5825.502 15372.077 13285.440
14157.401 8639.660 12446.427 5602.849 14705.655 12791.914
13893.140 8412.317 12369.428 5572.323 14408.915 12549.664
13758.029 8471.529 12229.044 5521.030 14278.189 12440.340
13708.964 8368.330 12449.228 5493.583 13975.660 12450.425
13520.389 8399.126 12465.974 5499.776 13901.138 12367.142
13474.486 8372.361 12627.956 5593.752 13962.314 12380.460
13503.638 8460.112 12814.339 5647.492 14049.984 12521.759
13816.497 8580.050 13016.052 5622.581 14312.252 12696.847
13926.814 8762.670 13136.838 5630.096 14475.277 12814.189
14288.279 8818.483 13409.429 5746.654 14673.411 12943.211
14486.315 9029.132 13693.634 5740.022 14768.300 13046.686
14453.926 9230.564 13527.198 5753.714 14683.398 13300.080
14689.816 9476.356 13698.452 5837.463 14738.306 13368.449
14770.086 9650.887 13728.918 5920.317 14670.223 13675.854
14841.225 9925.289 13595.117 6018.303 14694.590 13592.880
14672.695 10129.131 13458.883 6010.402 14633.962 13565.558
14707.748 10201.546 13599.014 6083.530 14724.092 13539.019
14691.424 10303.981 13401.196 6203.551 14646.498 13199.254
14538.250 10543.852 13171.318 6153.174 14440.150 12970.751
14454.792 10587.604 13255.649 6195.939 14334.823 12741.926
14385.283 10633.120 13079.768 6349.452 14082.880 12783.668
14218.874 10638.268 12812.358 6280.235 13971.521 12740.579
14184.149 10751.646 12605.058 6281.503 13671.346 12788.218
14174.303 10920.769 12535.409 6411.644 13760.863 12925.479
14328.130 10990.201 12479.541 6503.209 13610.467 13043.813
14322.159 10929.979 12332.083 6516.199 13223.195 13160.912
14570.159 11026.427 12491.115 6521.801 13191.002 13196.692
14808.314 11029.919 12738.762 6651.025 13480.627 13429.659
15219.248 11328.664 13159.799 6812.479 13848.154 13529.812
15583.331 11546.301 13490.902 6866.345 14043.874 13493.017
16180.227 12025.234 14007.036 6910.467 14458.866 13653.382
16914.709 12530.135 14518.088 7082.827 14959.188 14016.264
17468.279 13038.692 15023.267 7116.250 15265.919 13982.168
17915.188 13688.685 15389.140 7307.428 15648.950 14110.217
18466.504 14277.826 15520.480 7441.377 16114.458 14336.942
18987.750 14721.616 15577.392 7597.572 16174.482 14378.403
19487.920 15071.742 15673.680 7885.958 16387.348 14196.811
19509.336 15315.702 15777.186 8020.614 16445.770 14132.561
19618.072 15385.877 15640.412 8195.396 16195.080 14162.577
19725.012 15590.513 15950.081 8490.646 16091.217 13900.873
19439.164 15550.645 15794.737 8505.659 16272.253 13788.570
19606.980 15452.644 15708.000 8566.927 15964.451 13538.031
19397.713 15271.976 15310.476 8608.428 15758.787 13365.086
19131.508 15079.822 14778.820 8693.088 15463.129 13182.821
19060.848 14750.687 14454.123 8808.211 15167.378 13010.824
18785.752 14453.463 14363.445 8870.828 14854.308 13010.612
18389.369 14400.100 14209.709 8942.964 14522.146 13193.701
18404.799 14286.018 14201.456 8811.968 14143.744 13176.697
18177.682 14297.788 14061.964 8829.836 13996.062 13208.927
18150.410 14141.549 13964.894 8942.825 13811.423 13512.163
18085.748 14068.102 13951.253 9002.870 13946.489 13590.052
18433.629 14067.897 14236.270 9258.884 14122.286 13652.764
18734.715 14048.042 14431.506 9542.771 14347.191 13965.437
19292.895 14288.868 14927.596 9693.298 15215.404 14140.298
19943.137 14763.898 15627.769 9935.090 15878.669 14383.415
20990.654 15262.928 16336.932 10199.669 16787.361 14683.643
21750.398 15842.773 17172.951 10260.878 18038.576 14827.339
22606.404 16435.125 18056.686 10632.495 19221.562 15148.369
23257.092 16811.521 18899.664 10941.663 19998.359 15318.070
24080.746 17200.414 19487.420 11146.464 20828.602 15362.137
24342.602 17441.492 20123.053 11771.335 21125.379 15332.340
24619.037 17654.396 20585.318 12026.796 21228.602 15229.662
24682.025 17833.408 20842.510 12324.869 21257.816 15095.587
24492.268 17848.305 20840.062 12447.726 21336.803 14817.050
24353.729 17633.514 20635.705 12693.631 21412.105 14610.317
24281.232 17587.551 20451.893 12799.087 20978.484 14474.010
23908.594 17213.852 19881.865 12906.881 20496.240 14356.013
23531.775 16817.436 19510.527 13031.755 20062.201 14167.404
22965.520 16698.801 18739.285 13318.829 19699.305 13956.171
22299.924 16647.469 18211.689 13097.725 19295.588 13812.716
21679.951 16477.133 17713.082 13179.606 18991.791 13759.472
21105.184 16241.814 17069.881 13110.552 18396.605 13704.826
20628.320 16309.929 16679.895 13208.985 17889.217 13704.915
20246.201 16159.018 16530.664 13250.505 17426.506 13809.439
20184.758 16129.638 16182.798 13122.928 17519.334 13968.038
