15481.569 12342.773 15664.305 15947.831
15825.336 11880.438 16676.014 15977.081
16246.180 11917.153 17675.549 16447.793
16460.771 11479.226 18044.391 16526.018
16759.717 11651.089 18605.627 16253.650
16714.230 11550.882 18901.756 16145.819
16570.566 11474.240 18680.457 15620.979
16549.092 11482.458 18545.463 14532.695
16294.604 11404.158 18087.707 14062.300
16072.146 11172.560 17832.457 13805.591
15589.424 10773.132 17326.361 13732.306
15410.311 10575.190 17118.361 13012.473
15153.660 10283.709 16662.133 12979.723
14806.112 9846.905 16444.350 12852.568
14629.344 9400.295 16105.336 12399.074
14247.228 9100.536 15792.169 12087.409
14241.989 8793.082 15588.357 12008.780
14019.623 8530.402 15172.440 11826.847
13871.329 8430.537 14850.889 11489.800
13687.493 8274.952 14740.694 11365.292
13510.340 8011.667 14704.395 10959.860
13459.971 7863.221 14503.837 10807.812
13422.675 7743.782 14433.683 10836.871
13392.866 7737.007 14344.295 10546.074
13257.770 7574.847 14377.719 10356.457
13090.188 7468.803 14195.530 10090.695
13067.672 7345.355 14107.416 10151.235
12976.815 7300.927 14029.379 9980.638
12941.688 7240.649 14172.429 10149.870
12985.585 7303.033 14171.435 10285.920
12991.023 7366.813 14408.543 10206.194
13063.162 7400.295 14464.400 10177.816
13317.418 7445.077 14867.067 10242.856
13212.990 7313.115 14698.338 10161.953
13614.145 7415.185 15047.577 10356.368
13990.144 7587.433 15579.359 10692.594
14306.923 7645.908 16127.849 10929.358
14423.438 7880.464 16455.266 11237.221
14563.869 7980.712 17044.936 11628.002
14889.194 8193.292 17660.186 11966.623
15194.722 8379.603 18045.232 12247.134
15551.390 8719.131 18425.062 12511.919
15816.213 8852.813 19081.840 12848.656
15792.621 9122.854 19378.898 13045.545
16192.587 9314.594 19569.236 13360.274
16186.749 9392.111 19885.697 13554.211
16270.994 9636.348 20112.215 13783.403
16217.873 9655.534 20026.893 13818.124
16239.818 9671.578 19876.676 13949.870
16162.750 9805.513 19841.016 13908.033
16147.744 9748.973 19864.004 14005.333
16335.419 9924.832 19788.547 14092.103
16377.999 10017.798 19524.287 14040.956
16315.391 10003.982 19378.928 14332.789
16315.863 10029.313 19349.496 14405.727
16469.154 10173.724 19453.535 14519.794
16457.947 10432.389 19566.004 14840.776
16860.279 10661.030 19607.949 15186.284
16873.574 10841.925 19834.432 15300.896
17032.031 11118.792 20070.312 15467.054
17304.475 11330.551 20607.377 15892.580
17756.105 11774.920 21121.465 16416.490
18186.967 12018.640 21607.133 16956.271
18652.293 12233.872 22239.395 17435.715
18984.139 12538.034 22771.211 17928.670
19336.740 12858.235 23387.889 18217.529
19802.418 13357.597 24059.018 18887.369
20170.643 13638.687 24498.697 19315.361
20503.766 14203.983 24782.361 19573.707
20486.213 14369.318 25111.162 19849.871
20567.205 14601.133 25122.859 20105.387
20326.025 14753.529 24807.801 20146.066
20158.939 14901.790 24428.434 20140.381
19708.277 15031.386 24041.264 19959.211
19199.119 15128.508 23763.555 19768.559
18741.178 14977.656 23180.994 19533.320
18534.473 14962.560 22834.072 19358.461
18366.518 14893.754 22612.988 19304.256
18008.246 14670.561 21886.348 18936.768
17877.008 14588.755 21348.074 18658.971
17554.549 14387.417 20744.004 18262.455
17405.756 14193.611 20231.094 17820.322
17239.336 13921.413 19939.674 17266.660
17166.184 13740.562 19408.105 16870.076
17195.248 13676.060 19253.549 16781.742
17258.508 13604.265 18909.471 16688.191
17284.762 13582.771 18824.914 16743.053
17529.885 13691.116 18892.900 16859.543
17773.092 14063.350 19182.049 17279.055
18048.316 14408.321 19501.475 17582.102
18257.742 14793.326 19891.859 17987.002
18754.357 15151.951 20488.873 18406.029
19263.006 15415.392 21076.744 19108.480
19508.312 16112.499 21780.965 19594.613
19889.367 16559.863 22434.246 20224.131
20037.506 17213.436 22912.908 20849.057
20113.055 17408.885 23544.773 21423.447
19921.428 17657.123 23844.266 21754.287
19976.855 18135.885 24172.041 22176.143
19609.951 18114.826 24203.320 22219.494
19244.545 18145.066 24151.629 22283.260
18948.311 18013.180 23884.678 22158.084
18687.754 17999.592 23783.781 22126.467
18630.523 18164.611 23454.859 21928.045
18373.420 18114.328 23038.232 21586.930
18043.578 17918.041 22529.715 21195.607
17709.541 17637.863 22027.025 20909.402
17432.537 17390.375 21567.186 20319.600
17180.104 17117.273 21000.309 19962.178
16897.803 16886.492 20414.900 19527.049
16478.754 16541.414 19634.891 19038.328
16275.771 16405.480 19359.504 18789.658
16109.080 16102.736 18904.713 18594.066
16128.942 16099.173 18668.229 18278.984
16149.033 16071.786 18242.072 18000.693
16398.602 16155.062 18189.801 17856.496
16813.805 16344.588 18250.127 17907.078
17103.633 16389.354 18438.586 18007.393
17409.432 16505.775 18914.768 18160.613
17920.840 16868.051 19514.867 18593.227
18235.928 17044.061 20089.168 19105.670
18571.662 17556.324 20725.305 19617.723
18749.805 18025.367 21476.328 20218.826
19196.383 18746.623 22189.461 20590.477
19315.775 18934.930 23004.885 21141.545
19460.326 19135.982 23522.678 21502.387
19360.074 19618.324 24044.293 21997.965
19405.832 19590.076 24620.842 22401.529
19287.318 19503.496 24889.822 22336.299
19005.314 19502.959 25106.316 22605.938
19066.611 19584.246 25142.055 22647.605
18617.715 19351.396 24776.061 22619.041
18225.795 19043.166 24274.807 22392.600
18006.123 18565.135 23811.859 22012.367
17651.977 18014.998 23172.570 21746.418
17194.895 17786.174 22656.814 21504.307
16841.352 17592.969 21928.242 21173.846
16469.299 17115.631 21489.869 21010.994
16231.393 16500.553 20780.645 20494.029
15946.803 15965.227 19973.773 20046.348
15876.403 15456.495 19339.654 19587.055
15814.343 15113.312 18787.557 19110.314
15733.526 14659.158 18339.559 18684.734
15779.517 14545.291 17960.654 18206.287
16071.181 14292.717 17648.941 17933.158
16318.714 14272.645 17606.551 17575.783
16552.467 14219.492 17697.033 17459.873
16998.127 14264.474 17965.777 17397.148
17413.523 14188.846 18327.242 17481.730
17906.230 14255.810 18906.623 17597.797
18438.738 14421.755 19510.844 17894.105
18703.336 14622.962 20207.553 18231.270
19101.143 14933.919 20916.537 18640.039
19441.504 15268.914 21535.070 18860.887
19737.359 15581.751 22283.096 19361.264
19916.799 16020.827 22731.445 19671.355
19900.650 16044.483 23226.934 19990.508
20181.518 16073.160 23578.363 20330.176
20212.207 16098.897 23832.615 20622.895
19853.770 15905.459 23798.336 20592.164
19655.068 15882.591 23564.742 20690.121
19007.121 15860.735 23225.137 20637.957
18814.705 15818.458 22807.318 20455.182
18295.875 15633.383 22435.865 20396.096
17798.744 15341.438 22002.441 20034.947
17497.834 15187.177 21653.373 19573.652
17190.387 14696.448 21155.568 19280.146
16793.361 14279.115 20515.266 18957.355
16499.395 14095.113 19974.988 18618.734
16234.205 13785.332 19558.676 18256.455
15857.150 13575.869 18887.275 17790.814
15780.950 13223.400 18423.971 17497.932
15580.868 12916.633 17693.971 16932.287
15470.878 12911.458 17544.633 16766.049
15596.710 12792.493 17239.363 16483.502
15680.952 12841.160 17014.533 16289.578
15972.549 12996.987 16880.488 15993.641
16266.302 13005.219 16826.025 15800.408
16505.500 12867.616 17101.303 15667.799
16965.516 13011.676 17459.697 15782.691
17315.564 12993.929 18132.658 15969.722
17611.033 12934.527 18356.924 15950.990
18034.691 12969.797 18957.129 16133.458
17911.750 12698.062 19444.461 16318.613
18191.934 12843.851 19954.027 16605.793
18384.061 12862.040 20502.893 16858.602
18361.898 13182.955 20908.246 17015.301
18305.156 13027.616 21166.723 17294.488
18272.752 13242.074 21504.527 17561.711
17979.420 13186.555 21591.932 17645.611
17667.742 13117.689 21671.840 17675.865
17769.980 13170.128 21707.654 17799.848
17354.588 12868.803 21771.475 17601.160
17137.744 12555.056 21925.254 17761.729
17036.041 12210.358 21598.549 17729.959
16929.229 12002.472 21252.016 17712.709
16931.777 11970.919 20931.416 17499.025
