63.155 75.874 72.873 89.681 64.660
64.761 76.736 74.269 93.418 62.838
68.334 76.965 77.013 98.503 64.118
72.416 79.505 80.476 104.340 66.342
76.075 80.145 83.096 110.177 68.105
79.156 81.921 86.452 115.289 68.129
81.417 85.932 90.644 118.411 71.135
86.118 91.171 96.440 125.945 74.807
87.470 93.556 99.616 129.021 78.472
86.080 93.850 100.702 128.901 79.369
84.755 96.185 98.565 133.016 79.313
85.337 98.973 97.338 134.436 81.594
87.078 99.515 100.366 138.183 80.505
88.430 100.608 103.227 142.980 82.261
91.979 104.703 106.093 148.573 86.172
94.833 104.632 109.252 152.738 87.245
100.246 105.622 115.715 157.712 87.845
105.522 109.911 120.478 159.559 86.957
109.458 108.694 122.236 161.518 89.209
112.320 108.747 126.443 161.082 89.899
113.956 107.754 127.058 159.765 88.966
115.524 109.628 125.694 157.606 91.383
115.801 109.174 123.384 156.282 92.866
113.801 110.029 121.830 152.674 94.476
112.219 111.117 120.426 151.179 96.041
113.969 113.315 118.341 152.281 98.340
113.211 112.287 120.601 155.662 101.266
117.625 113.217 123.149 160.336 102.875
122.184 116.033 127.984 166.396 103.108
130.667 120.154 131.502 171.369 105.740
141.262 124.848 137.543 173.341 110.818
150.053 128.354 143.543 176.613 115.542
158.840 128.810 147.256 177.273 118.094
162.450 128.952 151.402 174.731 122.928
163.292 127.785 154.068 174.089 126.565
161.274 124.085 155.246 171.833 130.341
158.637 121.921 152.037 166.611 133.429
153.828 123.031 149.136 164.381 133.142
148.676 120.410 147.096 161.202 132.152
145.719 120.481 142.184 157.890 132.589
146.402 121.106 141.216 158.232 134.652
149.243 125.985 144.296 164.911 132.705
155.169 128.146 146.227 170.930 132.577
166.047 137.366 154.253 173.480 134.715
178.072 143.282 161.501 173.129 135.589
186.155 145.584 166.644 170.905 141.323
191.419 149.290 173.634 171.728 147.366
193.657 147.989 177.921 170.854 154.939
193.027 144.120 179.678 165.149 157.865
190.260 138.783 178.494 161.675 160.561
183.283 134.686 177.506 161.411 160.490
177.322 133.003 172.823 159.918 158.796
169.652 129.057 168.825 160.404 157.215
162.020 126.738 163.826 162.923 151.334
158.142 124.696 161.855 171.116 149.332
160.935 127.156 159.936 180.804 145.976
165.555 130.578 158.663 187.725 144.366
174.902 139.747 164.066 192.122 144.118
184.429 147.271 171.269 192.411 147.556
193.377 153.186 179.672 190.493 155.536
200.791 155.175 187.253 187.474 164.005
202.921 157.964 194.534 184.539 172.366
203.165 159.849 196.132 177.715 179.906
198.053 155.381 194.096 173.586 185.956
192.926 152.431 189.564 169.639 189.851
187.768 145.686 184.604 164.649 194.011
176.727 140.955 177.441 165.223 193.490
169.697 133.814 171.195 168.652 192.038
163.122 130.255 162.931 175.188 187.870
159.551 126.773 158.125 182.705 182.849
161.013 127.219 154.405 187.839 176.237
165.405 131.827 154.950 192.714 172.665
174.634 141.125 157.901 195.184 170.471
180.362 148.503 164.790 192.517 168.940
186.456 156.236 173.782 189.924 169.289
190.165 158.716 182.231 185.705 173.290
190.396 159.835 188.403 182.758 179.377
189.508 159.179 193.921 178.226 185.031
187.486 154.774 193.934 175.162 191.883
181.612 152.994 193.959 172.963 196.091
177.732 148.283 188.984 173.223 196.629
171.220 144.772 183.245 173.737 198.547
165.029 143.442 177.174 175.613 195.222
160.397 141.716 170.928 178.892 193.380
154.445 139.203 168.508 185.742 192.624
154.727 135.546 165.004 191.344 189.782
158.542 137.064 166.949 196.069 186.999
163.504 144.227 167.600 196.095 184.117
170.734 150.749 171.234 197.019 180.434
179.577 156.472 172.788 194.004 179.138
182.790 160.013 177.260 188.942 182.113
184.069 160.960 181.205 182.476 183.638
183.035 160.426 185.588 179.049 180.325
181.666 158.281 188.501 172.685 179.233
178.749 156.541 189.027 170.287 177.942
175.329 154.441 188.797 166.444 176.241
171.346 151.573 185.096 164.451 177.059
166.510 143.003 185.162 163.667 173.088
164.142 141.551 179.270 164.929 172.958
