17888.586 26187.834 27419.561
18371.688 27134.646 27283.361
18882.000 27550.031 28065.992
19457.059 26848.387 28099.695
19514.039 26258.447 27881.375
18888.398 24808.490 26606.262
17912.254 23686.607 25065.012
16690.658 22442.357 23314.830
15618.890 21544.934 21752.518
14673.300 20595.146 20533.123
14057.988 20018.117 19819.381
13463.101 19343.111 19412.992
13008.794 19428.121 19317.549
12913.264 19130.451 19511.879
12798.662 19438.939 19523.184
12875.017 19436.154 19364.719
12745.764 19620.842 19628.613
12949.416 20072.137 19872.150
13214.039 20809.100 20280.111
13218.796 21270.102 20818.801
13309.246 21677.076 21369.086
13582.968 22076.760 21778.104
13915.442 22410.734 21903.807
14325.814 22791.625 22121.137
14560.005 22935.820 22312.016
14989.455 22962.586 23077.795
15252.459 22980.336 23635.523
15778.530 23373.158 24993.426
16356.153 24656.209 26872.398
17059.609 26120.125 28976.299
17689.314 27885.525 31108.299
18150.729 29606.641 32510.506
18814.453 31036.242 34482.234
18711.275 32054.861 35736.070
18613.309 32613.943 36096.355
18834.795 33211.879 36299.945
18541.004 33137.293 36479.109
18989.713 33066.871 36464.410
19100.381 32691.084 36023.371
19091.877 32408.889 36183.875
18806.055 32527.547 35790.285
18561.613 32609.254 35423.363
18768.764 32872.410 35721.395
18890.746 33079.023 36544.523
18860.191 33656.527 37426.938
19087.051 34271.398 38851.301
19637.057 35041.094 40800.895
19759.885 35846.543 42482.645
20086.750 36379.004 43655.078
20805.520 36313.871 44396.641
21212.789 36367.047 45264.957
21374.012 36449.418 45404.832
21049.408 36255.191 44698.078
21152.203 36107.609 45011.480
20746.105 35389.168 44972.051
20349.307 35159.508 44643.176
20422.219 33997.453 44356.109
20008.328 33542.238 43929.617
20056.322 33685.648 44031.332
20246.209 33673.027 43707.617
20617.111 34001.883 44200.344
20983.662 35152.508 44997.914
21508.580 35922.688 45769.125
22035.062 36780.844 46235.496
22500.902 36912.980 47207.957
22570.398 36512.965 47497.168
22618.768 35895.973 48181.520
22783.699 35729.242 48254.617
22476.480 35388.863 47417.219
22601.463 34823.219 47256.203
22190.094 34543.031 46826.570
21910.066 33997.297 46757.352
21910.012 33687.457 46181.957
21716.215 33439.141 46843.227
21345.244 33763.141 46862.203
21407.264 34110.699 46934.477
21509.848 34864.930 47165.734
21387.961 36041.430 46504.004
21409.666 36845.910 46639.273
21537.922 36921.117 46457.094
21903.877 37455.203 45498.238
21992.980 37242.699 44811.941
21761.482 36509.066 44767.910
21598.973 36156.543 44749.730
21903.852 35370.695 43995.559
21903.908 34210.641 43708.316
21587.729 33279.133 43553.629
21077.408 33028.793 43533.262
20850.332 32471.988 42774.207
20344.896 32848.555 42620.816
20101.891 33185.016 42123.145
19748.975 33736.688 42086.137
19409.945 33117.543 42417.281
18802.760 33146.844 42396.793
18420.426 33070.621 42497.844
18169.971 33095.285 41932.141
18139.855 33050.676 41579.883
18441.041 32701.855 41375.832
