20624.680 24371.586 21161.283 17528.943
19386.324 22984.068 19897.824 16675.936
18092.586 21357.719 19045.777 15975.571
17518.959 21242.703 18153.885 15137.003
16992.217 20212.154 17331.412 15978.527
16352.369 19615.709 16803.330 15345.299
16093.647 20211.951 16500.410 15044.895
15482.994 19989.045 16633.180 14313.836
15263.562 20932.250 16815.316 14122.426
15245.909 20267.861 16958.920 14301.688
15427.599 19880.646 17073.350 14376.896
15899.911 20656.346 17510.248 14372.746
16116.241 20379.576 17677.732 14557.938
16389.918 20688.086 17887.941 14651.964
16781.387 20923.123 17899.396 14841.306
17291.279 22158.826 18187.578 14518.396
17089.283 23002.248 18836.770 14598.312
16936.209 22450.838 18630.035 14684.274
16633.303 22945.406 19536.729 14350.750
16387.662 22823.201 19734.607 14086.490
16355.595 24197.207 21040.760 14098.510
16638.830 24744.387 21039.254 14140.682
16828.395 25526.334 22034.645 14992.050
17347.396 26553.670 23264.033 16654.891
17565.207 27314.994 24206.262 17938.131
18361.936 28434.756 24512.684 19853.229
19184.383 29307.658 25331.020 20385.049
19093.158 28999.328 25410.600 21451.385
18533.330 29295.346 25790.496 20224.602
18431.021 28312.721 25378.785 19867.342
17637.312 27512.129 25083.051 19003.941
16970.012 26631.496 24996.590 18640.209
16677.979 25556.590 24697.486 18291.461
16132.468 25253.396 24946.312 19047.645
16266.580 25543.734 24743.957 18952.660
16165.215 26514.191 25049.020 20195.523
16285.330 27017.734 25436.281 21807.797
17136.930 27547.455 25940.557 23882.105
17260.031 27472.297 27333.457 24190.117
18440.697 28699.730 28222.627 24754.652
19184.129 28408.594 28381.305 24778.139
19025.652 28262.139 28633.982 25231.236
18817.457 28022.867 28952.029 23988.338
18019.408 26864.730 28148.545 23157.834
17816.859 27007.518 27495.266 23240.438
17503.777 26798.869 27211.367 22585.533
17486.713 28132.008 26963.604 22073.701
17623.363 29626.811 27212.115 21788.246
18570.326 31917.600 28181.039 22620.078
18470.631 35303.820 28322.648 24092.873
19081.566 36919.109 29110.770 25634.562
20599.959 39137.770 29814.109 27196.588
21565.291 40110.941 30494.299 28924.857
22433.049 40980.230 31032.820 29339.266
23383.992 42632.133 31365.203 27438.430
23366.006 40673.320 30486.445 28014.348
22982.613 39385.195 30021.098 28311.994
22707.094 39069.762 29536.037 27750.256
21887.803 38365.055 28184.477 24827.344
21301.301 36997.309 27197.941 24559.668
20999.854 36291.902 26866.314 22960.189
21107.393 36649.035 26916.312 23509.301
20923.270 37547.078 28149.961 24083.453
21609.434 39895.387 28958.820 25802.018
22193.955 43248.168 29613.221 28411.260
22110.512 43812.465 30048.398 30699.398
22883.766 46108.273 31741.176 32174.719
22822.281 45843.840 32463.213 32903.219
22833.154 46782.969 33849.797 32448.016
22779.625 45911.270 33865.098 31511.502
21314.492 43334.238 33199.879 30327.229
20975.498 41603.098 32298.523 29110.049
20318.914 39450.555 31941.062 27549.154
20020.383 37286.746 30901.012 26227.961
19132.023 35144.254 29413.826 24493.309
19405.777 34690.469 28162.912 23480.367
19161.555 35349.469 27691.479 23931.068
20230.193 36247.375 27203.299 24435.262
21366.775 39398.520 28143.986 25677.453
23280.332 41827.387 28978.941 26689.268
24039.463 44251.129 29681.746 28236.381
24183.217 45972.281 30163.859 28689.385
23714.434 46361.234 30869.037 28272.541
22977.967 45018.859 30808.982 27311.564
22497.443 43641.953 30278.607 26909.377
21989.889 42449.035 30521.566 26794.102
21005.254 40500.645 30715.119 24753.629
20676.861 39179.781 30318.232 23601.701
19901.092 37313.680 30627.947 22111.730
19248.832 36016.859 30060.254 21731.805
20185.141 35549.828 29601.623 20641.805
20142.988 35495.285 28782.760 20394.576
19842.660 36021.289 27929.768 18433.322
20261.020 36155.621 27665.189 18268.471
20722.123 34468.539 27569.500 18239.318
22122.150 34545.289 28118.662 18630.242
22873.936 33275.367 27745.541 18687.307
22523.605 32496.641 27036.098 18669.938
22285.670 32275.102 26874.521 18673.805
