4257.446
3889.823
3608.271
3772.337
3628.172
3502.773
3333.705
3330.669
3205.945
3034.132
3058.996
3058.390
2988.875
2906.394
2788.165
2667.698
2612.820
2672.767
2539.270
2477.523
2460.353
2523.791
2589.174
2517.264
2507.878
2525.878
2497.032
2480.797
2521.522
2537.059
2602.547
2607.237
2615.464
2609.635
2609.285
2585.223
2539.808
2512.308
2525.790
2490.555
2482.307
2450.576
2411.715
2468.466
2467.902
2392.158
2374.411
2384.893
2363.135
2437.062
2480.190
2509.610
2573.984
2618.820
2743.123
2828.431
2828.697
2798.168
2835.878
2895.136
2887.582
2871.955
2834.896
2835.191
2870.929
2858.424
2832.499
2820.584
2798.969
2745.940
2711.311
2739.200
2774.837
2884.430
2937.173
3045.054
2952.408
2987.396
3044.530
3284.815
3521.780
3554.762
3615.795
3608.920
3757.699
3831.718
3765.326
3743.830
3700.027
3725.759
3654.832
3467.654
3492.401
3372.363
3341.361
3418.379
3449.047
3331.232
3293.263
3320.946
3523.090
3635.350
3716.843
3973.448
4142.833
4359.542
4490.374
4507.907
4579.920
4626.958
4663.593
4673.551
4594.917
4561.213
4599.113
4685.952
4568.424
4552.226
4557.923
4611.729
4498.883
4342.711
4258.825
4165.040
4209.811
4281.656
4108.287
4127.209
4191.831
4342.859
4430.852
4487.236
4607.170
4770.311
4861.468
4810.720
4834.522
4809.871
4999.938
4946.233
4864.779
4803.444
4754.929
4731.504
4642.187
4459.789
4386.450
4344.715
4217.833
3974.684
3889.742
3848.086
3893.056
3878.443
3770.882
3783.656
3780.398
3880.789
3923.898
3878.406
3972.257
4106.545
4182.343
4197.517
4168.293
4184.736
4234.157
4224.144
4187.452
4133.924
4004.689
4029.737
3966.351
3803.425
3738.531
3725.064
3765.612
3704.619
3600.343
3494.898
3429.989
3408.508
3314.146
3201.599
3106.702
3070.569
3081.023
2976.434
2865.686
2845.006
2778.713
2724.482
2615.630
2481.275
2465.719
2365.744
2347.314
2346.005
2311.983
2278.465
