61.436 63.626
63.055 69.895
61.848 68.886
62.401 67.009
61.786 68.043
60.689 64.208
59.760 63.169
57.470 63.235
56.372 62.353
55.534 61.558
54.849 59.541
54.417 59.906
54.411 58.874
53.116 57.610
53.390 55.840
53.049 55.670
53.873 55.401
55.961 56.032
56.915 57.686
59.379 59.971
61.588 62.567
63.660 65.191
66.366 66.422
68.607 67.780
70.738 67.750
72.325 66.949
72.183 66.435
72.440 66.930
73.238 66.653
73.515 66.933
73.229 67.466
73.252 69.555
73.447 70.536
76.300 72.967
80.185 75.891
83.286 77.929
86.866 78.543
89.627 78.693
91.068 77.750
91.427 75.567
91.767 73.213
91.710 72.651
90.525 70.697
88.549 67.882
88.689 66.033
85.921 67.727
89.452 66.829
92.036 68.949
94.608 71.711
97.270 73.094
100.014 74.898
103.229 74.551
104.340 73.396
104.754 72.461
105.463 71.575
104.931 71.062
102.292 67.585
99.459 67.202
94.973 63.084
92.558 61.692
89.317 61.341
88.691 60.583
90.853 61.024
93.510 63.078
98.909 65.107
101.433 65.621
105.065 67.182
106.316 66.869
103.602 66.970
106.116 66.163
106.819 66.097
105.295 63.530
104.976 62.638
101.751 61.692
97.799 58.739
95.163 56.604
89.117 57.313
91.751 57.219
92.279 56.464
94.582 56.739
97.778 55.570
101.330 55.565
99.393 55.961
102.828 56.267
102.639 57.351
104.650 56.275
104.599 56.530
104.687 55.327
