56.661 65.602 52.573 49.085
56.429 66.155 52.363 49.582
54.675 64.844 50.227 48.321
53.287 63.668 47.264 46.112
49.538 59.106 45.616 45.510
46.658 56.957 44.467 44.583
45.815 54.250 42.989 40.963
44.453 52.451 41.945 42.267
43.700 49.747 40.781 41.568
43.157 49.148 39.351 39.679
41.912 47.595 38.847 39.038
42.136 48.016 38.368 38.093
40.289 47.668 37.918 38.327
39.946 47.776 37.940 38.168
40.344 47.214 38.174 37.842
40.378 46.920 38.516 38.092
40.321 46.996 38.476 37.522
39.914 46.804 38.946 39.223
41.504 47.136 39.350 40.329
42.372 47.664 39.703 40.798
43.587 48.959 39.607 42.096
44.541 50.037 39.492 41.999
45.769 50.690 39.182 43.406
46.202 51.841 38.804 44.050
47.781 52.468 39.016 44.946
49.940 54.210 40.041 46.403
52.161 56.351 40.911 47.315
53.092 58.089 42.000 48.323
53.611 59.221 43.613 48.655
53.859 60.038 44.181 49.837
53.845 59.561 44.425 50.833
53.550 60.871 44.121 50.921
53.038 59.956 43.514 51.722
52.611 58.735 43.566 52.638
52.010 57.475 43.435 52.463
52.040 56.727 43.475 52.799
53.641 55.689 42.614 55.071
54.681 56.315 43.524 56.137
55.074 59.170 44.048 58.657
55.896 60.352 44.393 59.359
59.048 63.112 46.110 60.887
59.962 66.157 49.183 61.021
61.421 68.244 51.040 60.690
60.665 69.431 52.887 60.674
60.591 71.085 53.435 61.115
61.508 72.678 54.317 61.827
60.079 74.484 53.900 60.180
59.980 75.788 53.255 59.624
60.107 75.399 52.185 58.771
58.899 73.992 50.756 59.867
59.620 74.090 48.957 61.658
60.526 75.817 49.439 62.706
62.412 79.275 49.972 64.539
62.747 81.859 50.316 66.658
64.517 84.164 53.174 68.823
67.336 85.086 55.634 69.891
69.080 88.219 57.065 69.213
70.557 88.774 57.144 68.252
70.766 90.171 56.921 68.635
70.392 89.413 56.885 67.429
70.603 88.446 57.699 65.952
68.405 87.086 57.485 65.230
66.943 82.750 56.449 63.458
67.044 80.714 56.179 61.750
66.546 81.169 54.933 61.331
63.742 81.477 54.873 61.630
65.382 82.455 55.965 61.082
65.603 84.409 55.633 63.277
66.805 88.151 57.030 65.431
68.641 92.082 59.614 67.649
69.629 97.055 61.121 67.992
71.317 98.710 63.872 68.971
71.134 99.489 63.954 71.477
70.272 99.871 64.202 71.450
68.295 98.526 64.744 71.418
68.225 96.038 64.873 73.483
66.109 92.144 63.100 72.150
63.719 91.230 61.195 71.948
61.933 90.637 59.945 71.169
61.917 91.613 59.345 69.364
60.018 90.837 57.232 68.528
61.298 94.690 56.967 68.106
61.562 97.452 57.675 66.819
62.641 101.912 58.507 67.898
63.709 102.840 60.307 68.729
65.795 103.668 64.475 69.628
67.642 105.981 66.502 70.107
69.373 107.089 66.125 69.943
69.377 104.895 68.215 69.689
68.712 101.425 70.060 68.953
67.512 99.714 68.497 67.144
65.964 98.080 67.524 66.543
63.218 95.693 65.601 65.997
61.356 95.175 64.475 65.063
60.404 97.869 64.051 63.884
59.217 97.440 63.137 63.098
58.852 98.686 62.456 61.060
58.629 101.537 61.298 61.786
59.551 101.920 61.263 62.187
61.457 100.140 63.849 64.087
63.325 99.087 64.230 65.302
63.566 98.991 65.509 65.971
62.152 95.836 67.188 66.238
60.378 94.060 69.608 66.674
59.445 93.905 70.458 68.939
59.521 94.100 69.362 69.157
58.869 91.045 70.719 66.505
57.072 89.324 69.571 66.802
55.436 90.916 69.683 64.849
53.244 91.235 68.956 63.244
51.918 93.912 66.924 62.053
