5225.541 5460.551
5051.381 5306.647
5007.108 5195.025
5014.831 5051.117
4948.973 4833.873
4637.924 4558.150
4607.591 4402.611
4468.575 4395.542
4542.995 4286.174
4402.403 4158.852
4404.823 3964.021
4341.580 3769.509
4310.961 3723.107
4188.983 3595.076
4207.558 3527.331
4081.380 3327.498
3985.691 3191.189
3964.364 3140.621
3901.728 3077.391
3847.900 3005.900
3808.708 2941.738
3838.054 2906.694
3884.270 2840.401
3877.980 2789.942
3908.802 2747.236
3883.636 2748.651
3883.214 2759.234
3975.261 2766.859
4040.137 2798.153
4063.210 2803.003
3989.829 2838.366
4054.835 2831.777
4138.049 2822.115
4300.896 2813.841
4369.299 2843.086
4470.650 2833.652
4524.322 2847.311
4704.699 2907.026
4848.080 2991.917
4969.241 3033.029
5082.130 3064.640
5114.441 3130.175
5194.541 3150.943
5329.444 3248.961
5413.054 3318.938
5486.944 3269.042
5452.649 3192.839
5494.428 3279.156
5514.787 3265.162
5614.867 3369.547
5618.692 3498.862
5597.316 3505.511
5632.267 3629.477
5685.478 3740.421
5871.809 3957.097
5906.350 4150.306
5768.479 4245.057
5812.760 4382.278
5953.238 4655.769
6048.509 4952.042
6072.522 5128.383
6035.273 5203.521
6062.001 5284.874
6214.308 5420.452
6287.124 5513.681
6264.832 5551.933
6142.121 5486.385
6043.112 5419.393
6090.446 5387.364
6080.757 5539.388
6007.107 5601.283
5948.058 5509.004
5845.767 5497.177
5878.179 5545.078
6003.767 5524.539
6013.446 5524.582
5984.306 5446.375
5869.841 5489.855
5891.193 5604.346
5957.804 5797.110
6138.322 6045.725
6113.145 6216.373
6178.508 6314.444
6230.925 6590.345
6272.591 6876.226
6392.591 7148.699
6396.064 7153.199
6403.231 7259.939
6437.261 7449.113
6520.894 7717.237
6565.014 7745.014
6472.345 7612.444
6374.625 7531.750
6357.655 7478.263
6449.704 7481.764
6433.977 7512.529
6254.218 7329.429
6242.283 7059.165
6223.657 6984.774
6210.926 6930.799
6267.170 6885.437
6203.305 6727.484
6198.077 6592.047
6140.844 6541.508
6242.486 6594.799
6315.302 6688.561
6295.000 6698.647
6378.810 6763.194
6426.646 6953.895
6693.249 7244.448
6845.975 7547.715
6811.048 7678.680
6895.652 7872.087
7014.936 8115.663
7094.127 8400.458
7088.500 8632.929
6843.857 8472.614
6820.822 8417.509
6873.794 8591.889
6836.053 8690.048
6896.738 8603.643
6587.085 8195.746
6373.436 8126.976
6339.771 8015.436
6232.395 7877.728
6074.644 7648.250
5909.174 7325.950
5864.558 7101.055
5819.502 6935.082
5752.292 6754.760
5666.747 6538.979
5540.159 6348.061
5689.156 6344.766
5781.613 6415.771
5933.047 6478.750
5887.638 6412.721
5978.776 6470.171
6137.718 6594.819
6298.178 6867.997
6744.022 7109.625
6658.234 7146.768
6676.066 7347.097
6823.898 7612.994
6802.757 7777.131
6627.270 7815.907
6356.991 7783.939
6346.669 7770.616
6381.987 7749.514
6304.385 7704.909
6037.032 7542.368
5912.749 7399.714
5920.817 7295.038
5849.034 7176.161
5735.478 6996.946
5492.151 6747.137
5403.631 6570.147
5452.130 6485.448
5486.089 6381.961
5492.626 6244.362
5385.404 6041.524
5316.978 5929.176
5465.189 5986.891
5544.225 5881.440
5543.084 5819.388
5553.259 5786.188
5562.844 5794.028
5599.913 5925.234
5680.026 6007.599
5637.284 5989.044
5535.104 6022.077
5441.359 6165.691
5521.040 6294.416
5525.646 6426.202
5385.965 6475.826
5251.574 6457.540
5298.044 6557.032
5392.969 6633.587
5323.473 6731.987
5272.542 6590.125
5113.391 6565.109
5111.287 6721.468
5077.600 6667.350
5035.617 6522.212
4878.024 6394.917
4701.999 6402.292
4841.931 6448.110
4921.565 6361.833
4952.362 6226.290
4939.965 6024.185
4981.279 6098.999
4953.997 6101.648
4880.657 5978.955
4759.335 5888.459
4729.020 5803.199
4703.848 5711.967
4746.553 5802.337
4733.242 5672.786
4787.272 5563.593
4660.010 5478.261
4682.148 5534.884
