12764.322 14141.552 14121.136 14675.590 11156.949
12508.803 13973.213 13976.104 14670.582 10994.613
12458.784 13900.180 13952.557 14435.219 10760.671
12165.188 13973.489 13582.921 13901.450 10441.762
12110.444 13826.733 13420.438 13561.762 10431.451
11816.658 13796.963 13234.976 13108.785 10218.375
11728.910 13706.095 13248.590 13041.533 10092.495
11666.763 13792.793 13315.052 13177.183 9971.037
11648.463 13680.760 13502.953 12897.802 9990.105
11634.577 13610.819 13383.235 12529.088 9936.397
11407.671 13467.436 13238.255 12263.342 9803.172
11260.725 13407.750 13188.183 12066.406 9757.009
11109.019 13240.461 13017.526 11897.026 9641.985
10962.903 13198.968 13130.029 11998.399 9538.905
11062.007 13206.040 13036.922 11940.715 9762.633
10913.852 13205.632 12992.313 11662.411 9803.434
10734.576 13286.050 12980.979 11215.987 10065.729
10616.419 13130.995 12795.141 11158.947 10063.552
10510.484 13002.696 12612.452 11099.785 9849.064
10225.210 12870.384 12451.452 11277.066 9853.881
10249.902 12869.277 12470.001 11106.913 10029.241
10196.574 12822.694 12383.571 10992.814 10142.895
10106.830 12872.456 12542.265 11309.901 10305.689
10187.269 12934.978 12536.779 11392.638 10379.590
10243.715 13090.706 12735.933 11504.489 10545.167
10334.216 13282.534 12746.493 11816.740 10937.246
10429.822 13548.505 12854.492 12224.404 11018.769
10554.248 13790.568 13169.087 12609.271 11098.873
10624.933 14243.006 13337.355 12931.565 11460.245
10883.186 14483.188 13703.569 13426.539 12028.331
10843.820 14857.663 13776.361 13770.748 12550.290
11094.504 15086.338 13923.759 13918.856 13003.727
11316.526 15261.306 14097.240 14636.731 13286.788
11351.660 15527.311 14318.266 14676.851 13761.653
11486.344 15930.922 14637.582 14984.633 14153.360
11849.153 16108.692 14652.749 15078.960 14279.812
12049.473 16281.695 14579.896 15230.890 14346.657
12078.728 16327.477 14656.183 15680.319 14561.017
12310.359 16296.795 14598.998 15926.498 14487.252
12283.575 16252.457 14529.947 15880.559 14835.504
12270.867 16321.752 14470.725 16044.977 15039.552
12320.994 16291.338 14490.629 16146.361 15307.157
12367.129 16313.713 14561.084 15926.561 15281.707
12160.096 16261.995 14388.203 15782.157 15102.958
12154.880 16223.298 14333.155 15732.631 15249.854
12216.263 16300.936 14304.034 15910.164 15182.568
12069.696 16582.906 14225.702 16136.242 14909.813
12058.826 16615.768 14318.319 16052.468 14879.229
12152.998 16432.707 14165.829 16007.401 14909.617
12191.699 16435.502 14323.103 16085.468 14843.376
12224.957 16636.254 14557.612 16143.467 15080.628
12336.379 16616.889 14810.500 16284.063 15044.754
12523.133 16963.654 15087.002 16530.334 15077.370
12527.149 17249.393 15368.508 16840.719 15740.301
12869.265 17345.945 16000.188 17266.502 16279.166
13105.612 17842.211 16487.246 17397.607 16733.428
13320.444 18491.320 17078.947 17811.424 17408.688
13660.146 18739.102 17267.898 18352.367 17688.008
13838.688 19063.521 17519.393 18665.088 18039.959
14049.310 19410.256 17684.285 19191.088 18914.793
14274.979 19474.537 17882.855 19477.557 19318.016
14325.750 19720.287 18202.518 19850.143 19708.055
14491.097 19837.037 18185.490 19989.652 19952.625
14599.789 20017.201 18018.641 20225.754 20429.324
14621.663 19837.547 18111.172 19891.115 20551.000
14530.539 19411.312 18148.113 19744.799 20338.238
14515.253 19384.824 17925.145 19621.660 20013.092
14527.949 19214.639 17875.695 19296.814 20024.895
14462.204 19008.852 17725.002 19388.471 20232.250
14249.841 18902.168 17621.232 19251.889 20426.873
14233.584 18718.070 17487.209 19111.500 20194.834
13884.076 18096.635 17205.762 18731.785 20076.553
13909.240 17842.643 17145.053 18734.715 19651.592
13850.428 17801.461 17054.217 18051.646 19164.674
13631.172 17653.801 17042.402 17910.754 18885.443
13526.901 17697.256 17295.664 17942.902 19098.033
13528.335 17788.748 17353.676 17620.836 18813.240
13516.248 17922.887 17535.432 17808.555 18725.596
13452.142 17957.334 17637.469 17838.150 19033.861
13562.213 18449.658 17879.574 18511.141 20042.496
13576.205 18958.502 18297.129 18630.768 20290.682
13808.156 19471.268 18587.818 18972.381 20927.857
14072.015 20189.781 19226.576 19305.117 21971.533
14110.661 20715.352 19348.123 19464.203 22764.975
14379.372 21387.529 19718.383 20070.523 23341.586
14717.134 21805.643 20046.195 20684.312 23712.172
14972.034 22134.363 20538.096 21557.863 24145.396
15150.013 22775.896 21086.824 22005.361 24485.707
15436.551 22913.322 21529.281 22492.006 24714.990
15603.163 23091.283 21490.592 22766.957 24959.080
15957.275 22995.785 21415.025 22586.566 25457.688
16114.612 22935.072 21436.615 22551.674 25938.352
16009.275 22751.951 21689.127 22701.207 26004.807
15894.259 22267.195 21692.438 22552.031 26105.674
15879.729 21960.002 21418.699 22627.801 25682.727
15622.124 21785.961 21570.340 22346.662 25361.188
15643.551 21552.230 21390.572 22471.492 25186.068
15128.111 21248.932 21213.395 22406.697 24941.521
14955.261 21021.910 21140.607 22546.518 24827.625
14674.667 20837.711 20951.512 22147.914 24272.092
14556.660 20705.865 21009.348 22074.457 23979.740
14301.032 20209.053 20658.348 21682.402 23851.514
14263.049 20119.738 20808.584 21463.297 23452.828
14303.100 20023.125 20552.240 21333.092 23145.160
14464.759 19879.260 20734.637 21024.254 23236.914
14249.361 19953.951 21062.137 20707.037 22949.723
14511.786 20128.215 21290.047 21082.951 23013.611
14605.889 20314.920 21458.072 21365.205 22754.580
14847.497 20493.506 21618.279 21452.967 23140.998
14722.957 21016.014 21538.082 21825.904 24260.135
14697.386 21368.715 22216.975 21841.986 25238.666
15089.378 22061.105 23337.137 22627.502 26047.678
15330.760 22109.984 23815.469 23440.658 26644.094
15717.555 22554.227 24362.600 24331.650 27854.512
16122.937 23278.781 25153.426 25287.801 28992.656
16382.105 23715.822 25240.869 25795.596 30677.730
16613.672 23660.908 25216.654 26489.867 31738.088
17109.932 23786.008 25073.092 27408.889 32350.934
17345.666 24317.822 25775.793 28226.904 33044.637
17515.418 24501.996 26076.383 28401.729 33732.496
17525.465 24670.438 26151.051 28828.746 34605.113
17595.201 24581.660 25878.371 28632.668 34452.680
17744.656 24606.932 25574.318 28866.852 34349.996
17927.217 24301.113 25369.424 29277.037 34557.805
18137.121 23483.857 25067.754 29252.234 34204.531
18154.576 22995.346 24924.072 29153.186 34198.043
18096.477 22252.600 24566.570 28841.906 33627.000
18216.346 21891.143 24042.232 28591.973 32735.285
17925.000 21512.928 23712.797 28693.705 31947.826
17734.562 20890.586 23191.223 28114.424 31438.424
17458.742 20386.617 22170.230 27906.959 31002.342
16780.590 20063.336 21927.064 27204.814 30672.994
16548.305 20016.164 21574.277 27009.477 30193.396
16328.606 19813.490 21141.775 26609.787 29746.365
16091.622 19222.441 20772.174 26426.164 29854.998
15543.652 19067.428 20579.502 26044.568 29305.836
15594.442 19190.947 20254.732 25675.098 29212.219
15541.737 19028.771 20124.637 25708.814 29333.844
15664.771 19084.201 20403.230 25750.336 29695.330
16118.057 19419.252 20398.979 25726.020 29838.891
16287.353 19871.037 20508.330 26173.719 30474.801
16454.018 20449.037 20873.477 26817.189 31457.643
16972.498 21323.555 21159.709 27549.688 31781.359
17575.738 21643.193 21791.094 28273.730 32738.561
18165.574 22142.215 22078.625 28557.484 32910.211
18195.953 22629.174 22619.396 29244.742 33179.355
18638.580 22809.863 22887.455 29622.383 33307.637
18608.914 22971.631 22991.076 30290.445 33528.781
18979.012 23511.084 22666.525 30316.736 34083.418
18783.115 23690.035 22990.779 30419.994 34531.859
18425.752 23696.338 23120.982 30235.541 34602.590
18322.668 23455.717 23350.797 29910.219 34833.195
17939.139 23088.283 23474.904 29867.885 34904.086
17971.211 22721.416 23066.963 29266.293 34312.812
17601.229 22705.494 22257.426 29205.008 33900.137
17801.686 22184.561 22028.352 28923.992 33277.492
17577.213 21519.941 21508.531 28514.049 32585.961
17515.164 21218.947 20667.682 28771.355 32003.500
17501.924 20964.635 19942.240 28685.176 31147.256
17282.277 20516.885 19134.104 28355.150 30802.383
17223.584 20266.666 18327.758 28138.660 30243.217
16779.354 19741.111 18185.096 28352.236 29685.947
16401.738 19169.537 17810.363 27834.135 28870.688
16330.886 18751.076 17260.148 27315.889 27994.426
16028.992 18634.467 16867.766 27098.230 27415.680
15753.280 18665.092 16619.639 26896.311 27021.084
15644.424 18648.834 16340.358 26468.076 26739.076
15460.902 18737.844 16293.443 26351.580 26339.078
15593.611 19047.811 16350.293 26024.947 26494.723
15784.560 19234.141 16204.672 26328.850 26955.525
16075.485 19410.381 16605.975 26377.943 27451.303
16316.075 19875.627 16842.211 26459.234 28030.695
16638.045 20405.205 17318.176 26827.436 28607.416
16951.008 20570.748 17389.160 27265.639 29144.816
17449.584 20587.152 17794.443 27525.834 29821.100
17909.965 20814.979 18348.729 27684.875 30705.455
18137.182 20798.451 18401.012 27659.885 31322.596
18510.475 21332.090 18898.482 27890.549 31546.916
18729.891 21474.881 18965.270 27828.998 32125.463
19088.637 21461.594 19150.650 27453.080 32646.092
