45.045 68.855 88.611 85.379 34.949 33.838 65.124
44.923 71.929 85.000 84.064 34.909 33.602 64.544
43.747 72.642 83.444 82.924 36.223 33.865 64.760
44.714 73.215 83.228 82.034 36.073 33.889 62.766
42.333 73.805 82.551 79.939 36.745 33.125 61.577
41.408 74.341 86.146 79.373 36.927 33.088 61.771
41.020 74.592 93.340 84.284 39.427 34.083 64.387
42.801 77.565 103.341 89.293 41.416 34.804 69.889
47.002 78.736 112.024 94.640 42.370 34.826 72.535
50.339 81.425 118.009 98.401 45.482 34.409 75.772
51.279 84.846 122.623 100.976 45.805 36.105 80.903
53.814 86.756 129.737 102.382 45.848 38.751 85.249
56.803 91.132 132.650 105.241 48.316 40.804 92.336
57.597 91.791 134.658 103.215 51.360 40.742 94.695
58.216 95.196 133.322 99.724 52.279 40.878 99.204
56.971 96.460 130.657 97.246 52.941 40.294 102.621
53.396 93.615 124.852 93.392 52.469 42.455 103.982
52.050 91.393 123.220 88.519 52.004 41.026 100.687
50.143 88.662 123.883 88.200 52.404 42.070 98.875
49.666 88.864 128.781 88.486 54.063 42.829 102.211
49.636 87.942 134.623 90.048 55.658 43.339 108.672
48.301 90.966 146.408 91.818 63.495 46.029 119.340
50.670 95.875 157.081 96.730 70.009 46.467 129.614
54.270 103.378 165.663 104.272 81.276 49.080 141.718
58.040 105.700 171.508 106.430 90.187 52.071 151.702
61.766 110.637 174.144 110.887 98.338 52.486 159.163
64.041 116.428 171.889 111.773 98.342 56.354 162.470
64.528 114.823 167.490 104.472 97.913 55.838 164.602
67.139 113.308 160.710 99.030 98.358 58.613 163.617
66.124 108.941 155.643 98.236 97.483 58.374 162.958
62.339 101.748 151.421 95.032 92.128 62.843 161.917
58.831 95.290 151.739 93.108 85.497 64.354 162.025
54.567 92.313 156.407 94.881 82.507 65.514 161.063
54.982 92.306 165.479 96.786 82.169 70.842 164.711
53.960 96.107 178.411 103.009 85.472 73.191 172.466
55.343 102.578 193.540 107.640 95.331 77.093 177.618
56.166 108.050 202.683 110.971 104.520 82.347 185.513
60.527 113.693 206.566 117.065 109.626 88.462 189.983
64.405 117.493 208.477 119.311 120.769 95.621 194.255
67.321 118.396 206.992 119.156 124.437 98.111 193.561
71.020 122.139 199.703 124.442 125.177 99.982 192.755
74.893 123.903 193.487 123.031 128.716 105.338 187.468
76.520 126.247 186.132 123.590 121.994 106.897 187.485
77.766 126.376 178.039 120.663 120.578 106.337 182.911
78.386 121.426 172.229 120.464 117.122 106.259 182.892
76.389 116.694 172.840 118.781 110.945 108.815 185.690
74.862 115.066 179.338 118.490 106.961 111.654 191.955
72.984 115.515 188.507 119.577 105.553 117.627 194.385
72.771 118.847 198.954 124.459 106.747 121.598 203.644
68.524 126.489 207.377 132.164 116.611 133.981 207.787
68.068 137.294 214.318 142.063 127.324 140.628 209.695
70.882 145.879 217.296 143.003 139.774 147.390 209.850
76.100 153.966 214.340 146.360 143.281 152.845 208.616
83.549 158.270 210.352 150.235 148.011 158.067 206.057
87.481 161.163 203.763 157.006 147.581 159.092 202.373
94.198 159.973 196.851 158.576 143.907 155.735 198.526
96.784 157.799 188.226 159.403 145.642 156.336 195.898
100.196 156.026 181.965 159.355 143.557 152.866 192.077
100.146 153.530 177.047 154.229 137.376 148.218 192.083
96.409 147.164 178.193 151.620 131.096 147.905 190.109
92.429 142.894 182.541 149.155 125.213 144.665 191.470
88.320 141.046 192.085 151.198 126.346 144.152 197.033
85.576 144.977 201.418 152.403 127.231 148.132 203.423
83.389 153.584 204.947 156.772 138.681 156.740 207.418
80.744 162.107 206.752 169.442 143.730 171.888 208.971
77.842 170.653 205.951 179.711 154.926 183.172 207.863
78.989 180.325 201.801 192.676 166.336 189.644 206.036
84.467 185.958 194.980 201.464 176.720 194.379 202.688
92.152 190.674 187.405 205.365 180.788 197.588 198.005
95.567 193.893 182.433 206.341 175.774 197.595 194.915
101.106 189.612 171.980 202.987 169.732 194.150 190.532
106.492 185.682 165.814 201.125 174.365 188.830 186.183
108.001 183.348 161.452 193.450 168.104 177.956 183.544
106.063 177.772 160.809 188.563 161.662 172.427 181.266
106.599 169.429 166.498 180.826 157.026 164.609 183.840
106.091 164.353 171.106 176.045 152.111 157.480 187.665
101.598 160.628 176.228 172.359 152.853 154.395 189.745
98.391 158.744 185.797 175.031 155.153 158.213 193.527
98.268 160.225 188.539 184.236 164.304 162.561 196.563
93.726 164.477 189.473 195.327 173.241 172.585 199.268
92.844 168.548 189.076 202.244 187.992 185.288 199.394
91.226 168.618 187.868 208.442 198.333 194.866 198.241
93.642 169.630 183.301 212.529 205.402 202.707 194.200
99.144 167.606 176.823 214.635 208.882 207.893 193.006
103.758 168.687 170.708 214.244 209.721 210.314 191.490
110.465 165.761 166.055 213.842 203.439 208.632 187.894
118.559 168.758 161.460 211.927 196.328 207.069 184.310
124.386 169.429 160.832 206.267 189.348 204.234 182.679
126.677 164.516 158.997 206.554 180.454 200.005 182.599
131.021 164.986 159.837 202.851 175.714 200.772 183.971
134.573 161.618 162.727 200.177 169.100 196.289 185.963
130.699 159.048 166.666 202.545 163.332 190.398 186.814
136.779 156.819 173.937 201.848 166.084 187.750 189.878
136.324 152.473 176.693 205.351 165.442 188.283 190.433
135.525 147.485 177.438 208.174 165.271 186.934 193.703
136.328 148.129 177.416 212.761 167.051 188.159 193.098
133.656 145.188 178.508 216.211 165.105 187.860 192.660
135.661 143.644 178.036 220.130 168.989 188.581 192.350
135.585 145.136 175.449 218.787 173.681 189.566 188.115
