15136.384 17675.615 9796.332 9992.833
14814.217 17273.938 9633.620 10091.170
14595.383 16698.727 9273.157 10117.472
14259.366 16253.534 9173.188 9910.265
14252.777 15612.814 8867.694 9840.930
13951.612 15153.510 8977.646 9581.945
13768.598 14918.128 8869.207 9339.515
13290.670 14566.599 8717.712 9198.167
13030.226 14136.903 8577.612 8971.439
12772.053 13992.121 8701.160 8734.812
12779.323 13934.554 8626.384 8610.178
12655.801 13811.277 8593.230 8453.924
12615.147 13801.187 8503.954 8305.596
12590.827 13748.982 8375.345 8196.574
12685.260 13810.590 8390.254 8089.342
12823.297 14004.376 8577.098 8050.238
12884.190 14182.135 8817.196 8039.971
13220.308 14433.492 8991.346 7913.526
13299.406 14708.376 9079.304 7780.822
13459.193 14934.144 9135.041 7711.163
13685.395 15123.885 9185.877 7582.412
13937.523 15523.222 9238.731 7753.957
14098.588 15681.583 9493.289 7774.560
14351.409 16075.060 9734.830 7859.822
14471.706 16357.133 9934.227 7817.264
14630.570 16583.441 9991.104 7774.830
14838.413 16898.785 10253.652 7861.727
15086.714 16996.316 10484.653 7864.154
15268.207 17204.826 10903.182 8099.845
15467.732 17240.332 11037.805 8039.859
15645.088 17367.463 11189.202 8118.751
15692.444 17322.729 11339.830 8170.796
15773.452 17450.645 11686.438 8276.074
15759.354 17434.230 11850.472 8444.930
15902.141 17489.975 11872.099 8571.853
15910.946 17568.037 11952.826 8560.500
16097.197 17606.477 12132.675 8638.386
16051.973 17512.357 12246.860 8617.347
16127.269 17428.848 12253.283 8558.277
16257.674 17487.672 12422.816 8592.713
16304.338 17401.090 12462.694 8683.774
16494.010 17472.330 12623.462 8737.736
16618.656 17612.738 12735.854 8723.878
16746.287 17771.121 12928.424 8724.646
16896.018 17872.234 13141.266 8775.181
17166.010 17947.805 13206.303 8902.209
17359.215 17989.527 13302.048 8936.834
17560.686 18123.635 13447.502 8982.576
17889.170 18182.625 13757.989 9210.435
18059.834 18133.965 14051.266 9293.875
18081.574 18178.498 14150.088 9453.399
18130.615 18110.943 14397.810 9517.093
18133.738 18240.076 14378.602 9581.123
18303.744 18152.125 14574.765 9677.913
18177.766 18144.830 14732.390 9854.880
18150.996 17941.055 14738.818 9878.047
18033.057 17747.633 14850.940 9949.705
17756.395 17385.369 14766.662 10082.006
17388.416 17251.969 14743.164 10074.488
17223.328 16899.916 14852.880 10182.445
16809.164 16496.629 14705.438 10154.104
16596.990 16330.725 14590.022 10232.755
16221.796 15992.090 14590.691 10282.398
15906.904 15772.535 14360.084 10183.207
15680.001 15497.467 14278.760 10205.891
15524.148 15157.765 13997.347 10066.627
15388.547 14916.296 13769.316 10081.527
15333.850 14670.149 13585.934 9970.647
15186.933 14552.398 13412.500 9907.864
15062.428 14366.120 13409.416 9887.577
15107.420 14427.194 13286.681 9866.767
15108.924 14339.549 13204.479 9950.016
15180.762 14416.324 13331.633 9923.188
15314.539 14420.185 13164.859 9938.792
15451.862 14517.408 13089.636 9825.779
15533.941 14588.250 13143.312 9821.369
15721.564 14637.623 13146.294 9828.226
15812.950 14712.582 13067.492 10036.449
15915.911 14841.947 13256.292 10122.603
15941.064 14936.694 13302.088 10149.297
16088.953 14898.250 13358.730 10190.668
16024.509 14821.431 13381.586 10339.623
15960.705 14691.650 13389.880 10337.666
15815.703 14616.724 13501.487 10410.081
15700.861 14490.295 13465.708 10539.418
15610.971 14401.871 13521.272 10555.545
15450.495 14187.104 13396.476 10610.105
15320.829 13994.090 13424.643 10588.350
15096.359 13731.853 13374.459 10643.895
14861.490 13680.036 13242.009 10720.498
14673.583 13563.085 13149.529 10773.452
14554.245 13383.009 13093.376 10837.734
14456.725 13399.214 12962.676 10602.699
14422.965 13111.541 13035.619 10376.560
14404.843 13019.437 13156.146 10370.187
14373.397 12994.347 13114.770 10279.661
14439.245 13002.880 13170.376 10239.375
14504.182 13096.003 13148.064 10191.020
14657.597 13350.778 13338.417 10184.460
14875.642 13601.864 13226.912 10224.139
15065.129 13818.541 13360.106 10303.765
15256.516 14200.338 13372.213 10414.101
15508.680 14381.782 13373.634 10496.730
15756.861 14661.720 13267.541 10490.419
15986.764 14864.708 13440.321 10611.957
16171.471 15060.486 13413.356 10688.173
16360.888 15195.854 13394.809 10841.990
16450.354 15287.046 13522.648 10997.779
16519.959 15444.580 13528.497 11136.383
16640.371 15561.444 13490.483 11341.172
16660.781 15544.303 13459.743 11570.233
16568.580 15587.429 13499.317 11795.454
16568.438 15366.527 13549.589 11625.153
16420.643 15315.136 13352.051 11822.718
16447.943 15167.201 13304.647 11779.582
16201.444 14994.224 13293.902 11847.617
16069.131 14906.436 13173.622 11900.429
15993.761 14768.797 13123.221 11869.750
15696.937 14599.686 13078.118 11771.080
15651.524 14632.463 12972.575 11866.232
15590.493 14491.412 12683.888 11798.545
15453.233 14539.254 12739.885 11865.804
15410.896 14502.162 12565.891 11718.446
15400.526 14557.254 12587.667 11646.173
15402.827 14574.754 12376.221 11465.063
15556.756 14865.801 12368.619 11216.975
15762.830 15157.293 12325.487 11052.363
16068.548 15633.228 12570.179 10820.452
16152.729 16051.894 12738.606 10798.916
16330.507 16226.395 12901.095 10873.274
16413.389 16427.406 13281.843 10973.371
16725.615 16700.014 13599.521 10924.777
16816.598 16894.514 13790.961 11002.533
16844.061 16997.400 13668.447 11096.921
16938.930 17288.939 13700.568 11146.778
16889.885 17406.732 13671.607 11401.956
16888.887 17473.160 13814.603 11591.497
16801.139 17291.709 13748.374 11789.698
16718.436 17265.834 13685.133 11804.047
16589.502 17009.877 13645.246 11979.080
16506.365 16794.475 13733.256 12109.010
16460.857 16727.453 13652.222 12106.144
16169.904 16496.414 13672.688 12245.444
16120.301 16442.844 13573.087 12180.774
15821.297 16077.723 13426.448 12163.812
15617.547 16056.397 13415.768 12037.367
15274.458 15863.402 13324.453 12100.022
15041.396 15802.462 13037.228 11789.473
14804.415 15686.649 13095.502 11807.300
14517.310 15663.372 13054.235 11618.962
14435.522 15570.201 12843.104 11436.811
14330.998 15710.348 12934.608 11307.591
14315.767 15771.574 12965.063 11222.630
14212.376 15899.929 12919.192 11021.704
14326.478 16094.710 12997.003 10828.021
14297.088 16415.684 13093.404 10685.286
14280.136 16735.562 13246.134 10563.658
14360.380 16986.203 13316.927 10353.280
14551.668 17324.396 13586.988 10410.511
14716.429 17766.865 13580.760 10601.859
14771.263 17905.877 13772.981 10602.385
14936.482 17980.631 13870.922 10552.445
14996.158 18059.766 13841.546 10543.500
14952.000 18146.420 13726.605 10624.431
15002.026 18174.529 13642.246 10635.811
15095.440 17956.084 13497.877 10799.269
14912.465 17962.668 13388.953 11058.032
14764.563 17690.010 13238.166 11254.586
14570.354 17494.139 13062.510 11364.838
14355.999 17315.947 12918.085 11437.398
14083.749 17236.891 12655.934 11591.213
13753.062 16769.740 12476.067 11586.757
13510.593 16376.723 12403.726 11649.217
13317.379 16168.256 12262.279 11679.046
12902.574 15759.822 12227.450 11760.156
12708.690 15535.146 11922.576 11757.509
12395.909 15255.827 11722.626 11572.305
12132.708 15124.513 11754.433 11526.851
12029.254 14834.692 11704.317 11371.760
11953.556 14709.329 11821.149 11230.552
11928.920 14627.919 11931.515 11128.949
11901.055 14553.121 11967.496 10928.095
11873.047 14497.090 12000.169 10851.810
11883.408 14531.360 12046.903 10728.176
11944.125 14760.476 12315.735 10594.885
12032.495 14978.248 12317.102 10402.020
12040.838 15117.969 12364.646 10224.827
12170.459 15154.970 12259.706 10080.665
12163.060 15175.099 12449.871 9939.321
12185.815 15240.537 12497.854 9950.672
12251.320 15301.431 12376.505 9915.131
12231.059 15359.271 12365.955 9923.034
12201.793 15366.402 12321.377 9924.874
