5630.091
5525.141
5641.599
5576.340
5404.335
5243.055
4989.300
4873.033
5005.822
4843.896
4712.996
4628.542
4554.982
4494.339
4419.192
4302.844
4203.796
4168.486
4103.756
4040.001
3976.562
4024.649
3946.027
3892.462
3893.543
3875.301
3849.284
3910.134
3836.598
3827.698
3788.158
3795.989
3875.081
3933.843
3953.334
3965.833
3982.059
4091.091
4110.823
4231.225
4314.075
4384.749
4467.971
4699.208
4667.235
4711.270
4647.591
4674.374
4775.750
4875.590
4958.416
4981.377
5063.372
5141.822
5223.856
5312.590
5284.075
5249.104
5382.678
5417.751
5440.722
5450.003
5388.574
5461.441
5451.540
5423.067
5259.979
5248.171
5280.507
5301.859
5268.997
5158.125
5079.541
5100.508
5248.365
5285.643
5246.052
5248.479
5308.031
5479.613
5544.772
5473.290
5493.260
5551.443
5696.386
5630.634
5535.557
5605.124
5585.738
5576.719
5565.913
5367.243
5316.889
5208.100
5301.441
5303.053
5247.010
5260.484
5352.668
5450.016
5480.696
5380.113
5405.953
5480.994
5580.562
5677.207
5553.803
5620.043
5646.146
5698.575
5740.986
5661.009
5676.713
5791.044
5783.387
5710.835
5639.917
5483.898
5482.398
5545.510
5550.960
5320.803
5275.313
5298.356
5253.530
5184.332
5199.235
5221.346
5273.601
5435.535
5384.758
5415.757
5539.749
5631.970
5695.479
5632.821
5629.376
5581.978
5674.720
5687.728
5517.866
5426.472
5416.262
5383.077
5205.289
5055.068
4990.739
5011.180
4984.307
4896.038
4773.306
4757.444
4763.243
4643.408
4537.009
4549.613
4631.593
4681.835
4694.901
4563.716
4665.846
4887.480
4916.843
4971.151
4892.362
4841.311
4887.172
4925.684
4816.094
4723.587
4600.870
4617.480
4582.811
4516.337
4414.030
4433.536
4425.651
4429.999
4284.926
4256.636
4324.510
4305.034
4234.674
4156.477
4155.941
4182.219
4295.495
4251.969
4156.031
4268.370
4368.682
4401.377
4361.647
4257.418
4335.925
4409.546
4457.370
4419.867
4330.155
4416.565
