5381.916 6885.407 5044.427
5616.304 6987.600 5077.795
5711.486 6737.026 5218.354
5526.209 6431.717 4756.625
5290.712 6039.062 4277.261
5298.747 5886.155 3987.422
5284.983 5743.777 3742.560
5248.380 5630.019 3468.711
5269.184 5537.379 3334.283
5209.831 5436.862 3151.122
5188.576 5343.380 3017.089
5220.345 5229.144 2965.779
5225.464 5274.451 2865.506
5252.661 5310.817 2810.507
5278.118 5301.432 2814.348
5228.432 5275.460 2797.389
5323.366 5379.530 2805.648
5321.720 5357.301 2751.990
5409.366 5419.845 2805.169
5509.322 5384.419 2814.977
5568.448 5454.097 2808.083
5725.169 5472.224 2841.963
5828.629 5571.989 2904.126
6016.753 5714.225 2942.821
6198.152 5846.632 3025.378
6454.204 6066.430 3120.115
6649.611 6247.608 3212.807
6888.560 6544.959 3392.637
7101.567 6762.333 3539.489
7285.261 6814.113 3671.117
7339.113 6874.972 3738.208
7457.103 7082.317 3807.917
7650.083 7317.078 3971.014
7700.929 7405.809 4082.552
7736.724 7335.194 4071.197
7805.840 7485.257 4189.879
7748.779 7451.761 4221.095
7772.407 7446.700 4270.200
7672.744 7416.629 4368.864
7694.542 7408.887 4468.510
7706.589 7452.822 4626.200
7569.473 7307.477 4661.371
7538.412 7228.607 4704.186
7509.460 7194.664 4756.482
7458.506 7107.355 4795.332
7450.121 7097.713 4917.758
7470.914 6985.479 4969.775
7542.760 7067.944 5075.488
7631.408 7110.232 5113.847
7780.217 7164.616 5284.600
8092.308 7374.079 5492.796
8303.041 7542.241 5680.034
8505.124 7665.890 5794.965
8682.318 7915.483 5974.737
8959.630 8122.473 6065.699
9084.900 8327.215 6231.747
9143.110 8558.771 6374.753
9327.093 8732.877 6567.093
9427.926 8979.568 6672.669
9457.873 9088.379 6792.185
9422.378 9077.296 6928.462
9357.673 9046.193 6994.100
9328.330 8997.509 7012.337
9204.010 8937.437 7021.166
9130.006 8858.504 7005.719
9007.018 8747.398 7019.495
8914.471 8666.421 7121.666
8780.965 8539.584 7149.771
8590.293 8498.222 7201.272
8483.365 8372.307 7189.600
8328.802 8295.683 7199.801
8304.084 8199.995 7291.344
8193.290 8083.055 7325.593
8188.572 8052.852 7533.883
8118.664 7972.028 7582.954
8185.499 7941.873 7667.771
8294.325 7985.583 7818.246
8609.345 8209.499 8115.151
8764.791 8418.299 8246.396
9016.913 8678.555 8534.455
9374.611 9029.104 8741.174
9686.384 9289.601 8913.306
9914.560 9727.404 9130.601
10126.676 10028.416 9387.469
10282.772 10346.352 9648.675
10439.800 10543.252 9866.540
10535.282 10832.718 9977.273
10592.406 11023.161 10213.812
10510.496 11230.037 9983.280
10438.021 11275.781 9945.835
10353.514 11317.454 10004.121
10081.755 11188.081 9968.871
9912.238 11097.064 10002.753
9713.634 11003.669 9871.287
9441.700 10892.998 9665.496
9263.797 10582.149 9661.782
9026.713 10205.269 9462.573
8805.008 9961.889 9437.601
8644.671 9741.167 9300.996
8416.479 9541.232 9154.028
8376.109 9387.114 9128.255
8269.909 9172.935 9103.698
8262.122 9025.266 9194.558
8283.790 8919.488 9196.010
8432.996 9055.468 9252.741
8582.018 8977.038 9398.368
8738.369 9143.302 9643.832
8988.500 9454.055 9875.170
9296.657 9641.653 10216.020
9475.773 9787.829 10481.292
9646.139 10023.025 10709.705
9786.169 10313.260 10989.382
9827.394 10474.972 11213.630
9895.721 10814.971 11201.650
9887.867 11101.895 11329.165
10047.707 11452.619 11360.753
9822.300 11545.399 11310.634
9793.737 11843.945 11274.080
9559.443 11892.357 11155.684
9205.073 11779.976 10944.590
9141.182 11896.568 11086.333
8881.188 11867.522 10852.248
8691.854 11800.134 10466.725
8425.097 11482.821 10310.372
8220.328 11274.790 10200.524
8056.516 11066.940 10088.638
7941.861 10982.953 9968.607
7839.505 10833.591 9885.440
7759.547 10607.487 9723.336
7777.023 10458.443 9704.229
7742.122 10269.781 9647.358
7809.020 9953.234 9771.249
7902.562 9831.538 9969.002
8038.922 9706.521 10036.006
8306.856 9780.833 10302.444
8549.005 9856.962 10523.220
8861.840 10093.603 10808.472
9188.718 10296.527 11159.042
9338.940 10555.687 11524.438
9720.374 10921.682 11945.031
9847.083 11155.900 12197.688
10103.042 11443.470 12429.627
10275.148 11785.883 12683.765
10331.558 12041.394 12772.085
10579.259 12441.108 12905.848
10599.929 12716.575 12917.016
10600.671 12975.935 12988.270
10537.961 13141.908 13004.237
10362.784 13243.659 12933.929
10246.358 13111.867 12783.083
10097.656 13138.854 12692.239
9960.035 13135.516 12613.470
9682.352 12939.763 12312.984
9490.899 12767.605 12191.753
9267.230 12566.361 12011.916
9069.688 12312.439 11885.448
8886.619 12107.396 11744.695
8770.173 11996.878 11607.609
8727.740 12060.114 11537.117
8765.694 11966.915 11348.115
8831.589 11858.881 11345.281
8910.072 11714.188 11286.703
9049.188 11573.116 11277.892
9269.754 11478.150 11480.293
9516.865 11445.592 11464.900
9789.480 11459.277 11605.502
10110.179 11594.745 11956.109
