24599.818 29594.740
25021.736 29571.369
24773.975 29489.379
24685.049 28319.148
23494.898 27696.844
22515.848 27152.691
22097.041 26722.654
21890.062 27342.363
21779.936 27075.191
21344.068 26521.900
21148.154 26585.473
21293.965 26859.176
21667.385 27989.262
22222.248 29082.844
23119.344 31758.842
24245.512 33243.344
25552.135 34917.520
27037.779 36856.016
27754.490 37628.500
28108.893 37938.336
28458.781 37553.172
28359.250 36963.484
28730.188 37313.703
29226.201 37750.094
30351.172 38981.266
31321.047 40555.449
32439.477 42638.438
34181.398 45011.895
36564.766 46778.004
37819.242 48583.121
39426.152 49855.199
39749.715 49841.496
39832.422 49905.461
39181.422 48935.824
38601.621 47589.629
37926.734 46539.512
36915.172 45924.934
36391.234 45396.316
37071.133 45419.469
38277.949 46094.570
39435.691 47530.055
41418.160 49118.621
42607.180 50225.617
45100.621 52224.449
45651.387 52868.996
46438.855 52769.227
46394.957 52365.957
46082.426 51784.898
45252.719 51096.727
44065.211 50260.082
42671.664 49010.203
41623.215 48452.855
40188.578 48794.395
40685.453 49971.469
41357.773 50954.387
42864.145 51792.312
45799.660 53361.969
47740.770 54373.504
48868.594 55088.414
50059.980 55399.602
50515.957 55705.707
51224.074 55461.742
50514.105 54828.320
49382.910 53644.602
46870.016 52111.625
45956.152 50994.125
43609.883 50444.965
42394.984 50912.895
40939.309 52126.160
40977.469 52917.445
42813.148 54073.266
43873.758 55106.113
46339.332 56187.465
49101.152 56159.098
52021.457 56893.332
53572.777 56420.062
53536.656 56104.344
54190.949 55159.848
53255.910 53968.648
52608.137 52541.000
50853.441 51315.027
49713.809 50558.621
48004.727 49847.941
47814.355 50057.016
47191.391 50827.383
47050.156 52587.340
46996.066 53344.375
47765.195 53709.555
47834.656 53926.520
48385.352 53994.355
48354.953 53757.992
48657.957 52392.801
49060.359 52021.203
48013.344 51378.754
48142.633 51292.715
46986.000 50647.664
46445.930 49562.309
47035.316 48989.816
45823.449 48658.363
