9385.085 8638.481 8292.433 5789.208 7872.651 7991.065
8738.321 8046.852 7922.015 5549.784 7438.740 7691.040
8285.209 7791.098 7664.000 5390.274 7175.438 7494.821
8034.700 7971.872 7987.563 5333.257 7228.688 7639.822
8084.739 7856.359 8100.839 5395.851 7411.284 7754.188
7916.582 7947.012 8446.307 5585.362 7574.674 8051.606
7989.548 7553.331 8344.989 5518.762 7622.434 8112.730
7939.152 7355.129 8321.915 5469.789 7750.817 8285.112
7520.706 6943.124 7995.565 5367.921 7563.762 8206.841
7776.783 6794.566 8089.415 5632.373 7818.332 8513.687
7607.543 6373.360 7794.838 5489.535 7613.670 8441.456
7387.179 6100.060 7413.772 5501.114 7590.410 8394.571
7293.188 5883.307 7267.648 5393.066 7424.761 8400.809
7130.954 5777.532 6859.843 5219.482 7070.446 8199.664
7179.061 5798.957 6815.798 5244.508 7049.807 8304.359
7295.022 5929.580 6764.392 5269.535 6957.576 8234.754
8133.476 6448.783 7409.454 5708.645 7519.547 9007.378
8664.781 6478.541 7910.887 5882.965 7751.517 9656.718
9953.691 7182.918 9037.724 6946.499 8843.645 11153.438
10757.591 7422.186 10175.292 7654.372 9841.481 12355.451
11305.536 7426.977 10758.654 8491.906 10642.870 13414.224
11703.668 7398.490 11325.144 9050.355 11210.420 14228.334
11770.048 7162.876 11184.698 9121.187 11333.308 14508.783
11614.344 6995.053 10804.445 9527.990 11808.967 14578.955
11450.519 6879.587 10235.085 9385.425 11706.286 14048.867
11509.995 6759.995 9695.153 8967.567 11580.183 13804.495
11210.396 6553.093 9246.305 8334.278 11233.899 13017.786
11453.264 6790.228 9289.849 8460.629 11510.667 13566.434
11946.571 7100.487 9192.997 8279.077 11620.677 13694.466
12733.710 7832.112 9647.590 8941.242 12121.377 14816.052
13642.675 8711.514 10825.728 9701.267 13149.174 16745.645
14532.506 9374.346 12068.010 10857.781 14261.504 18764.936
15623.792 9789.938 13494.776 12040.289 16240.052 21371.596
16331.467 10206.458 14891.106 13092.890 17512.713 22416.900
16578.852 10075.551 16047.345 14351.896 18803.090 23550.150
15957.102 9435.680 16157.688 13857.446 18816.465 23042.352
15895.182 9518.503 16441.766 14216.103 18717.408 22876.732
15076.587 8809.686 15880.784 13395.265 18291.082 21574.654
14619.776 8555.977 14699.768 13167.202 17493.406 20140.061
14101.248 8369.136 14140.485 12575.521 17059.865 19698.500
14197.445 8231.724 13553.757 12277.191 16906.938 18888.584
14744.773 8701.324 14114.988 12556.503 17110.508 19282.766
15024.207 9233.302 14173.512 12982.084 17172.791 19590.709
16417.555 10394.371 15779.568 14493.979 18159.979 21636.795
17332.605 11606.061 17770.018 15811.499 18764.555 23422.783
18410.572 12876.661 20539.010 17842.768 19995.346 25724.363
19190.408 13364.932 22467.836 19263.797 21254.742 27153.363
19193.998 14050.822 23888.363 19849.012 21431.484 27560.127
18701.449 14198.865 24088.240 19941.002 22089.182 27492.484
17789.428 13937.242 23395.328 19692.256 21745.695 26305.588
17296.340 13469.051 23129.107 19665.883 22268.135 25539.443
16124.695 12900.419 21263.566 18130.227 21519.848 23512.432
15548.328 13092.115 20793.311 17818.129 20892.426 23082.875
14710.448 12740.625 18986.055 16843.352 20295.510 21433.469
15160.071 13484.094 18793.549 16971.977 20189.057 21178.699
15435.378 14211.695 18709.832 17520.332 20040.281 21101.408
16305.803 15550.499 19799.797 18472.715 19409.037 21777.281
17183.994 17535.428 22155.502 20236.854 20217.180 23999.402
17923.820 18943.861 24419.439 21469.422 21075.375 25640.234
18755.893 19445.830 27889.068 23434.971 23295.725 28390.691
18766.711 19195.953 28704.289 23389.209 24154.889 28434.789
18797.059 19673.049 30292.730 24464.439 26189.570 29714.109
17660.576 18739.867 29025.172 24412.105 27216.436 29335.898
17449.689 18079.807 27766.775 23768.922 27411.832 28831.158
16095.460 16987.061 25867.049 23026.418 27958.193 27403.105
15116.054 16133.284 23417.775 21662.518 27036.705 25619.111
14372.794 15542.502 21909.586 21401.023 26455.301 24794.699
14215.331 15534.420 20152.551 20480.150 25100.215 23372.428
14685.826 16091.947 19915.338 21031.477 25038.955 23402.166
14991.591 16756.441 19700.604 21139.602 24150.285 22853.699
15800.468 18547.834 21686.338 22563.363 25212.178 24357.340
15840.688 19021.135 23348.439 23721.801 25348.141 24723.180
17027.262 20057.307 26320.215 25696.170 27427.117 26706.846
16849.895 20065.807 28501.439 26889.205 29404.242 27791.693
16565.852 19988.811 29913.967 27958.570 31454.826 28984.074
15682.340 19073.078 30353.418 29114.617 33392.875 29700.654
15393.557 18034.678 29325.322 28775.689 33979.727 29554.824
14806.994 16909.773 28577.748 27504.342 34219.559 29018.789
13883.465 16037.521 26832.922 25832.527 33450.125 28033.797
13291.528 15068.388 25980.594 25307.113 32849.496 27989.588
12895.349 14369.403 24283.023 23542.883 31631.768 26950.350
12682.515 14254.677 23494.059 23598.393 31113.693 27195.814
12488.564 14047.341 22087.438 22927.164 29498.662 26087.297
