5802.807 7651.004 6542.229 8462.575 9123.366 5255.226
5495.140 7240.915 6226.138 8237.671 8756.141 4957.490
5450.730 7100.725 6143.709 8042.853 8655.117 4919.225
5351.169 6891.737 6032.995 7921.480 8555.694 4900.831
5190.985 6657.427 5769.829 7205.357 8398.678 4827.558
5225.976 6699.308 5702.885 7094.465 8414.608 4809.303
5178.507 6586.049 5602.051 6825.733 8479.283 4807.233
5142.343 6571.746 5543.028 6658.747 8612.974 4726.104
5219.513 6632.868 5474.211 6516.748 8708.504 4553.917
5294.010 6675.588 5447.517 6425.663 8821.366 4457.754
5403.376 6731.978 5391.325 6521.719 8950.138 4427.419
5442.988 6715.251 5428.875 6387.624 9015.774 4258.958
5516.128 6826.394 5377.830 6387.022 9159.243 4127.436
5683.579 6977.829 5422.031 6590.658 9465.285 4153.361
5762.033 7026.245 5469.484 6714.609 9536.138 4190.433
5839.338 7096.634 5537.583 6736.805 9649.007 4228.560
5896.461 7157.010 5602.978 6828.344 9750.533 4166.687
5965.152 7260.173 5654.943 6781.387 9825.828 4289.693
6049.964 7370.634 5761.947 6859.805 9959.476 4355.962
6128.754 7481.087 5809.110 6927.634 10083.271 4417.536
6162.376 7618.396 5957.368 7026.401 10078.204 4441.737
6140.660 7606.773 6067.615 7069.628 10030.325 4473.583
6232.232 7656.629 6185.198 7172.553 10069.950 4651.914
6284.600 7710.267 6287.071 7252.571 10146.416 4716.537
6170.567 7601.470 6320.759 7138.446 9926.439 4772.229
6251.210 7675.149 6560.438 7413.916 9974.913 4855.521
6243.100 7754.553 6650.357 7621.589 10073.845 4904.425
6234.314 7664.466 6690.858 7688.209 9944.792 4955.153
6316.751 7855.971 6796.128 7879.963 10002.541 5075.792
6390.369 7915.310 6917.410 8008.395 9976.167 5114.906
6360.913 8022.005 6956.117 8208.568 9998.372 5142.546
6410.741 7967.090 7110.016 8217.976 10031.144 5156.682
6401.166 7874.862 7050.241 8315.808 9979.896 5090.202
6586.088 8069.231 7236.297 8512.885 10155.382 5213.273
6755.312 8140.701 7365.409 8677.076 10298.664 5315.695
6857.787 8178.455 7446.254 8734.725 10407.752 5384.287
7047.220 8350.412 7644.462 9017.381 10659.218 5543.910
7120.904 8404.588 7790.277 9338.890 10744.666 5567.853
7199.485 8499.262 7814.226 9452.277 10842.752 5652.974
7280.622 8660.116 8037.983 9747.900 11153.433 5883.776
7302.162 8668.007 8114.776 9896.845 11144.531 5990.316
7234.251 8664.445 8060.503 9927.062 11116.629 6042.792
7343.079 8867.717 8122.165 10187.473 11381.790 6212.348
7353.343 8916.900 8125.987 10269.916 11292.772 6367.811
7270.514 8928.180 8116.991 10396.532 11181.801 6451.681
7292.666 8909.245 8088.774 10349.291 11151.529 6635.507
7303.317 8789.967 7941.823 10367.761 10998.228 6772.294
7088.537 8526.330 7720.344 10026.259 10517.570 6707.583
7133.789 8632.062 7700.399 10225.654 10532.054 6857.315
7009.121 8405.846 7561.271 10137.068 10359.853 6842.461
7010.167 8346.947 7463.530 10203.931 10217.662 6774.502
6923.736 8242.342 7275.059 10082.342 9978.431 6765.099
6876.827 8136.552 7088.282 10098.646 9769.271 6759.634
6689.360 7843.739 6894.357 9919.583 9448.950 6638.498
6550.046 7905.144 6771.639 9970.199 9350.308 6662.344
6482.753 7805.064 6693.907 9996.580 9140.501 6626.899
6495.608 7792.920 6669.046 9917.356 9099.748 6609.427
6468.467 7744.422 6579.930 9919.173 9037.649 6640.584
6485.842 7868.731 6584.434 9983.628 9106.407 6756.499
6426.124 7818.450 6581.179 9886.046 9133.645 6721.185
6471.699 7884.573 6573.235 9907.477 9276.692 6797.674
6509.143 8032.620 6635.828 9858.388 9442.935 6778.356
6541.097 7991.075 6547.116 9745.525 9535.126 6805.735
6602.917 8119.041 6605.233 9943.526 9618.708 6826.950
6742.177 8229.424 6723.402 10130.963 9892.148 6995.706
6846.415 8285.772 6746.154 10193.921 9966.440 7107.840
7032.303 8389.942 6869.038 10555.653 10190.316 7339.750
7011.814 8321.964 6772.006 10553.922 10202.580 7405.297
7249.242 8404.085 6893.975 10982.122 10424.089 7573.748
7320.834 8401.293 6920.774 11149.273 10433.924 7654.361
7314.245 8324.843 6789.841 11183.341 10335.579 7767.022
7355.408 8345.786 6819.845 11244.051 10364.451 7832.466
7338.578 8137.772 6700.921 11185.272 10222.345 7846.409
7258.769 7998.579 6683.111 11081.167 9960.409 7810.059
7039.938 7682.484 6590.135 10932.871 9760.655 7718.058
7168.954 7735.537 6688.443 11083.729 9771.172 7781.022
7081.207 7575.185 6640.129 10979.455 9557.557 7654.518
6994.245 7375.663 6601.642 10910.528 9453.582 7633.215
6766.868 7299.751 6588.361 10748.957 9268.065 7585.677
6735.274 7128.877 6537.259 10678.366 9222.582 7534.599
6602.199 7075.755 6554.758 10577.275 9102.143 7561.715
6414.524 6871.168 6401.996 10263.495 8859.196 7411.851
6516.273 6957.857 6491.212 10402.875 8941.696 7524.724
6451.776 6991.715 6515.192 10393.578 8869.996 7464.816
6362.653 7018.932 6536.944 10301.411 8891.681 7422.677
6522.085 7164.367 6650.398 10450.794 8943.126 7492.694
6521.699 7220.219 6625.330 10513.464 8992.100 7412.690
6682.612 7494.467 6703.110 10773.496 9162.090 7470.058
6908.768 7719.820 6833.124 11024.917 9468.441 7630.375
6961.419 7821.715 6782.380 11083.389 9656.042 7658.999
7070.818 8031.858 6843.756 11296.664 9855.292 7660.094
7156.779 8127.652 6943.057 11446.600 9962.388 7711.216
7408.005 8415.817 7075.735 11757.701 10273.756 7931.754
7515.724 8440.248 7078.061 11782.659 10372.771 7993.655
7702.473 8583.808 7107.975 12125.779 10589.494 8240.143
7683.224 8546.165 7122.152 12093.268 10720.304 8292.426
7692.616 8515.606 7040.191 12186.915 10754.614 8292.933
7679.649 8523.695 7056.642 12061.535 10758.819 8350.399
7651.573 8284.913 6991.181 11986.400 10625.798 8319.056
7682.251 8315.149 7132.867 12029.179 10707.626 8443.354
7603.507 8027.387 6932.911 11816.518 10377.049 8383.335
7562.704 7958.132 6985.273 11795.697 10419.351 8493.318
7451.921 7909.169 6918.252 11575.826 10284.971 8274.804
7200.216 7633.511 6735.412 11329.797 10041.345 8036.600
7202.624 7651.913 6742.380 11409.237 9968.935 8093.452
7124.351 7545.036 6723.875 11260.831 9732.970 8011.450
6980.052 7307.821 6592.556 10909.435 9444.839 7876.597
7046.083 7434.848 6844.898 11029.704 9573.525 8062.632
6917.130 7337.972 6736.044 10758.342 9266.712 7836.684
7023.661 7493.290 6963.519 11040.536 9466.481 7930.622
7051.326 7584.103 6924.917 10985.252 9370.726 7891.577
7080.774 7712.107 6982.583 10998.884 9371.964 7846.908
7136.015 7941.714 7076.911 11094.956 9347.504 7913.316
7168.377 8180.812 7151.040 10997.251 9479.081 7823.702
7338.545 8537.603 7179.509 11187.962 9652.181 7977.297
7331.732 8748.003 7177.862 11296.453 9707.522 7946.999
7565.677 9070.586 7420.593 11524.892 10010.842 8078.888
7654.395 9212.294 7347.420 11577.726 10122.691 7973.412
7769.052 9315.733 7410.171 11553.399 10210.766 7977.980
8000.912 9447.592 7416.450 11823.115 10394.520 8067.005
8019.785 9508.741 7388.314 11968.659 10454.116 8128.384
8056.596 9527.238 7321.380 12098.132 10629.471 8232.015
8130.058 9635.596 7308.884 12150.414 10717.431 8399.336
7910.895 9228.986 7101.143 11805.389 10374.412 8238.341
7937.219 9328.245 7229.260 12009.579 10479.930 8401.844
7952.504 9294.641 7087.009 11911.133 10497.035 8409.802
7804.444 8915.246 6913.158 11715.473 10282.651 8260.328
7986.340 8948.384 6988.817 12047.186 10396.811 8378.799
7963.339 8795.405 6930.124 12303.622 10391.671 8266.188
7774.989 8515.812 6846.687 11943.781 10065.013 8037.509
7942.616 8500.242 6910.636 11941.785 10048.036 8125.711
7893.389 8344.024 6891.159 11675.363 9898.458 8092.406
7746.061 8180.194 6817.470 11580.266 9741.343 7997.863
7682.618 8064.027 6828.893 11569.000 9642.460 7963.288
7644.610 8028.289 6806.063 11317.737 9494.574 7861.015
7558.415 8015.726 6687.052 11015.813 9375.491 7814.945
7560.212 8184.802 6735.851 11015.296 9413.269 7820.774
7507.684 8216.509 6737.057 10770.865 9330.147 7752.338
7446.280 8380.942 6600.987 10544.715 9257.845 7746.317
7516.235 8541.674 6545.776 10571.528 9316.718 7630.707
7635.702 8745.391 6492.839 10496.597 9437.925 7719.439
7559.819 8781.799 6372.514 10280.556 9376.408 7554.057
7768.167 9082.479 6434.363 10531.186 9547.307 7705.833
7933.212 9296.730 6397.652 10475.656 9728.819 7702.084
7993.837 9261.564 6291.137 10174.420 9759.521 7663.298
8075.372 9241.541 6241.221 10185.189 9822.117 7679.352
8183.291 9432.560 6231.407 10296.240 9957.812 7870.359
8212.636 9449.035 6183.974 10047.895 9988.752 7901.186
8228.678 9236.722 6123.760 10017.429 9906.197 7909.591
8189.521 8974.501 6009.600 9866.076 9899.762 7887.055
8208.671 8899.141 6025.605 9988.951 9867.202 7915.781
8196.970 8695.381 5964.973 9836.279 9914.605 7863.421
8127.293 8515.535 5858.160 9644.491 9829.979 7790.507
7926.821 8201.339 5705.721 9284.635 9485.052 7649.632
8171.059 8344.234 5813.772 9506.129 9493.697 7761.320
7994.729 8090.393 5700.455 9231.829 9207.519 7602.023
8076.895 8093.992 5784.192 9370.451 9296.479 7750.387
7991.531 7958.860 5777.699 9450.138 9229.443 7647.740
7752.956 7895.106 5727.900 9494.900 9061.197 7577.704
7573.181 7715.451 5689.853 9343.385 8838.103 7510.781
7524.339 7689.980 5781.681 9394.333 8740.514 7513.143
7265.105 7471.473 5636.014 9395.710 8491.835 7314.099
7309.775 7544.388 5756.785 9551.831 8511.192 7421.154
7283.418 7606.686 5782.951 9687.833 8467.234 7433.967
7177.771 7517.877 5688.384 9634.083 8237.201 7356.200
7105.211 7628.721 5684.168 9717.492 8158.841 7297.717
7029.396 7533.111 5547.008 9700.077 7929.623 7145.023
7204.036 7782.061 5564.465 9870.055 8076.865 7278.842
7137.665 7839.589 5455.146 9635.654 7895.303 7197.802
7382.124 8112.667 5558.991 9720.957 7900.029 7367.917
7410.696 8113.594 5476.712 9648.102 7806.095 7411.812
7415.979 8077.754 5380.717 9434.865 7698.538 7440.380
7390.191 8076.595 5357.741 9325.614 7514.952 7476.693
7489.771 8109.978 5367.789 9410.699 7426.115 7587.519
7429.260 7972.280 5247.020 9206.739 7267.011 7454.011
7598.022 8082.019 5330.949 9292.893 7418.531 7650.287
7570.671 8034.900 5267.295 9355.946 7331.545 7611.369
7499.266 7959.880 5265.796 9178.235 7297.203 7590.607
