5254.993 4782.277 7242.562
5462.171 4866.919 7141.142
5521.577 4912.755 6874.107
5493.365 4949.116 6593.046
5461.773 5111.444 6473.182
5439.709 5435.640 6252.101
5314.904 5383.581 5884.730
5153.280 5393.087 5427.736
4921.756 5302.673 5131.065
4797.483 5232.170 4959.447
4710.238 5228.479 4530.789
4584.608 5125.327 4315.580
4550.976 5070.177 4146.182
4446.083 4985.147 3947.608
4324.117 4959.205 3995.159
4349.943 4799.790 3841.619
4178.209 4751.095 3685.579
4105.847 4695.561 3461.740
4066.933 4692.971 3542.938
4006.516 4565.457 3459.087
4015.251 4495.836 3326.433
3934.728 4492.538 3374.843
3912.205 4383.210 3237.987
3864.602 4426.842 3163.457
3901.182 4375.882 3177.439
3951.562 4397.665 3106.323
4044.273 4386.802 3165.962
4058.942 4394.763 3133.895
4077.681 4466.019 3106.058
4091.029 4510.305 3032.311
4079.871 4597.588 2990.436
4125.359 4633.472 2892.895
4139.386 4719.906 2903.498
4151.205 4811.622 3000.450
4185.639 4911.625 2991.640
4249.285 4937.045 3013.155
4235.886 4977.017 3066.519
4248.726 4964.714 3057.715
4220.372 4955.700 3000.308
4190.735 4952.843 2986.119
4181.779 4915.316 2987.492
4182.752 4863.372 2958.502
4181.466 4830.605 3008.409
4243.628 4741.244 2998.758
4181.318 4746.596 3084.144
4221.251 4696.931 3046.819
4237.816 4641.745 3031.825
4294.980 4593.985 3040.298
4309.021 4581.543 2958.270
4375.689 4616.131 2922.040
4403.735 4651.083 2962.616
4483.052 4735.040 3085.283
4591.839 4733.039 3064.172
4773.233 4823.335 3194.229
4894.896 4960.786 3270.183
5006.127 5067.893 3267.522
5141.042 5307.222 3396.239
5233.895 5477.625 3437.844
5381.082 5575.573 3429.438
5374.044 5741.965 3567.516
5417.333 5893.247 3576.726
5494.666 6028.900 3706.478
5558.205 6099.275 3718.059
5560.391 6246.128 3678.128
5575.712 6282.354 3697.212
5523.954 6257.584 3696.461
5532.233 6227.305 3686.597
5495.407 6201.092 3667.514
5430.898 6157.159 3631.386
5445.443 6176.422 3791.802
5442.218 6052.839 3774.601
5314.383 5899.675 3627.030
5312.670 5808.881 3572.129
5196.077 5756.427 3561.458
5133.819 5712.881 3581.397
5091.173 5680.793 3552.287
5158.061 5507.472 3706.858
5164.690 5503.290 3784.587
5163.722 5591.305 3803.981
5211.883 5757.852 3877.966
5279.167 5836.003 4024.435
5347.335 6054.420 4235.684
5504.870 6215.898 4454.268
5691.240 6466.454 4629.678
5832.849 6732.587 4643.876
5865.228 7116.193 4753.868
5997.489 7458.003 4910.936
6130.318 7713.838 5197.926
6261.526 7870.137 5219.965
6468.688 8074.402 5301.875
6560.932 8177.114 5367.170
6650.033 8337.052 5332.478
6778.080 8382.855 5290.061
6974.864 8457.792 5366.806
6920.550 8567.125 5445.163
6874.736 8486.818 5327.436
6801.257 8336.560 5176.612
6823.046 8330.870 5171.603
6750.376 8294.418 4919.515
6550.719 8287.823 4869.683
6512.723 8121.620 4723.000
6610.990 7957.979 4702.335
6611.758 7765.843 4751.483
6559.939 7649.815 4644.958
6590.248 7515.727 4586.526
6625.712 7367.651 4657.493
6741.130 7266.031 4898.946
6762.065 7222.297 5070.932
6877.960 7245.823 5199.271
7035.706 7253.198 5291.671
7194.467 7443.289 5361.867
7350.126 7580.358 5491.724
7583.623 7875.620 5857.024
7789.184 8218.793 6331.407
8043.163 8547.099 6919.466
8337.239 8833.143 7071.855
8551.184 9119.237 7733.151
8804.146 9306.301 8420.479
9048.864 9435.627 8781.971
9302.691 9471.854 8929.211
9472.233 9454.456 9025.818
9641.057 9458.153 8917.044
9479.945 9415.516 8629.640
9458.103 9436.128 8246.146
9416.906 9260.936 8229.026
9340.426 9357.233 8108.116
9161.017 9179.813 8110.396
8905.783 8908.491 8297.072
8806.900 8725.733 8243.612
8682.703 8542.890 8163.662
8460.822 8315.852 7793.470
8271.680 8088.412 7628.888
8143.660 7919.784 7446.208
7876.106 7732.937 7357.685
7669.082 7499.939 7319.404
7515.661 7372.973 7215.136
7405.386 7228.533 7294.383
7404.577 7076.663 7355.504
7516.109 7079.084 7509.202
7686.621 7120.141 7682.886
7804.136 7203.690 8003.926
7966.817 7326.643 8457.607
8203.913 7477.763 9072.277
8513.067 7749.660 9543.813
8837.152 8078.721 9716.906
9100.385 8274.208 10458.883
9448.243 8422.556 11015.077
9576.110 8486.579 11290.917
9587.914 8666.056 11561.219
9554.826 8942.430 11759.983
9508.521 9012.540 11496.622
9527.553 9028.688 11095.380
9624.122 8990.564 11138.691
9527.090 8947.831 11139.021
9309.649 8766.120 11047.518
9171.842 8611.306 10665.784
8924.854 8487.765 10506.873
8494.966 8388.548 10407.783
8215.766 8239.620 10246.627
7971.928 7997.870 9987.079
7858.599 7818.747 9631.710
7830.334 7623.382 9469.553
7540.995 7421.456 9277.453
7312.271 7244.508 9016.496
7148.836 6960.901 8901.015
7049.396 6765.895 8669.469
7022.725 6563.749 8420.634
7021.370 6442.610 8179.146
7055.336 6285.953 8050.325
6878.729 6110.159 8014.872
6938.827 6078.252 8074.151
7083.511 6126.848 8122.771
7265.996 6172.433 8442.654
7323.429 6172.390 8659.676
7481.925 6365.695 9068.681
7662.077 6501.259 9389.090
7773.674 6644.539 9755.243
8026.950 6739.367 10045.518
7967.688 6974.898 10500.371
8083.791 7138.436 10821.757
8052.844 7239.042 10934.700
8102.722 7376.493 10824.498
8033.373 7472.001 10819.382
7938.223 7540.053 11009.410
7857.000 7412.413 10917.087
7662.810 7260.790 10621.681
7651.838 7213.327 10180.723
7464.667 7055.976 9903.837
7336.246 6997.155 9466.807
7140.543 6877.288 9105.478
6866.166 6702.695 8833.521
6746.437 6620.801 8575.333
