18884.852 14230.557 22294.697 15758.122 10692.242 15227.836
18112.221 13291.602 21296.871 14730.664 10099.209 14207.265
17809.223 12792.313 20828.832 14063.646 9761.156 13585.946
16657.125 11613.380 20023.412 13175.594 9072.408 12681.678
15827.931 10831.308 18951.109 12229.597 8468.549 11909.605
15229.050 10226.648 18740.523 11889.837 8403.937 11192.090
14535.912 9420.109 17576.818 11133.089 7888.803 10349.875
14356.588 9028.088 17156.416 11083.979 7475.604 10104.103
14031.518 8640.885 16850.984 10814.585 7181.647 9937.667
14158.059 8775.979 17232.646 11063.850 7082.032 10161.713
14202.355 8682.124 17345.963 11445.492 7060.775 10359.958
14478.243 9012.834 17798.721 11788.745 7351.603 10772.367
14709.852 9078.053 18276.750 12268.484 7610.440 11238.797
14593.265 9543.662 18516.930 12585.328 7787.674 11297.699
14302.280 9508.943 18693.721 12392.770 7901.135 11450.772
13853.646 9231.282 18326.518 12098.052 7916.734 11392.268
13747.063 9341.900 18568.604 12124.394 8238.216 11676.202
13459.308 9168.015 18132.029 11906.431 8327.639 11678.605
13628.233 9245.699 18356.555 11840.245 8405.777 12044.625
13279.710 8925.962 17485.986 11489.302 8161.570 11938.666
13821.954 9308.909 18104.467 12104.829 8491.473 12182.840
14192.054 9204.173 18410.465 12429.064 8450.391 12222.706
14801.704 9731.694 19359.748 12607.473 8728.950 12805.771
15535.792 10103.042 20451.074 13052.539 8877.372 13563.707
15999.813 10592.584 21440.533 13633.078 9195.255 14219.364
16804.953 11340.352 22636.693 14394.235 9916.442 15000.787
16701.391 11493.689 22223.906 14271.018 9962.108 15318.239
16586.535 11538.309 22202.395 14622.048 10165.010 15512.933
16471.525 11545.975 22071.555 14855.628 10472.493 15676.538
15815.732 11467.276 21677.279 14678.354 10443.825 15623.715
15310.615 10864.275 21143.838 14140.692 10263.849 15301.354
15003.917 10635.879 20649.994 14030.639 10169.005 15318.871
15546.768 10676.443 20841.582 14446.915 10613.877 15932.205
15989.172 10495.218 21314.162 14914.009 10545.624 16300.347
17909.270 11153.602 23074.045 16386.621 11427.252 17721.143
19502.906 11815.892 24611.641 17822.920 11866.460 18915.285
21290.791 13034.929 26288.268 19992.457 12645.027 20836.406
22275.740 13916.490 27593.412 21624.488 13234.666 22472.135
22950.551 14825.273 28236.326 22372.029 13860.271 23610.148
23295.713 14932.972 28580.402 22783.998 14588.483 24484.666
22974.125 15109.674 27470.355 22238.408 14843.041 23950.803
22163.705 15098.792 26618.422 21803.936 15300.838 23885.330
21304.887 14916.037 26237.199 21136.008 15458.045 23413.246
20820.859 14517.628 25511.480 20324.008 15413.161 23125.432
21243.070 14294.487 25409.141 20054.365 15554.818 22611.068
21586.393 14035.297 25726.119 20370.027 15788.282 22284.883
22686.111 13792.100 26192.314 21042.758 15951.742 23002.568
23825.744 13859.353 27466.158 22493.672 16104.725 24156.217
25777.596 15114.263 29147.271 24797.195 16660.594 26635.805
26753.275 16018.927 30291.988 25893.324 16639.688 28215.789
27886.795 18020.270 31802.457 27853.174 17718.961 30673.180
28239.588 19591.693 31747.949 28434.875 18321.391 32063.406
28010.436 21272.766 31796.908 29437.566 19221.760 32675.611
27545.910 20968.322 30900.609 29056.646 19711.047 32784.629
27234.863 21139.992 30096.008 28348.383 20457.758 31783.068
26231.428 19898.877 29090.879 27190.746 20714.713 30354.045
24970.959 18530.883 27981.516 25321.000 20371.951 28874.082
24387.602 17721.562 27995.273 24864.701 20624.668 27321.574
24118.559 16850.793 27828.848 24530.285 20133.420 26700.801
24666.775 16553.107 28531.814 25015.232 19516.213 26176.775
26380.746 16481.576 30542.541 26805.553 19466.842 27741.941
28465.613 17912.686 32074.695 29576.818 19648.613 29442.291
30658.041 18453.279 32470.227 31894.023 19825.107 31545.391
31832.395 19894.027 33461.223 34303.309 20422.162 33829.574
32437.854 22109.959 33813.680 36109.617 21545.295 35003.719
32050.617 22429.643 32002.766 36030.621 22360.035 35560.922
31345.529 23716.328 30319.117 35298.715 23458.916 34484.027
30887.162 23798.396 29321.844 34892.879 24575.307 33790.785
29187.408 22771.654 27402.777 32097.445 24352.254 31384.236
28318.844 22545.998 27535.639 30986.855 25119.578 30121.021
27229.111 21256.301 27441.574 29711.912 24386.195 29057.193
27060.223 21137.059 27928.154 28598.172 24081.330 27679.400
27602.336 20524.857 28597.004 28593.561 23691.129 27083.957
28416.363 19905.992 29176.209 28905.033 22858.432 26792.434
30677.877 19578.008 31346.273 30979.713 22706.326 28475.924
32715.717 19754.211 31882.643 33288.016 22236.742 30596.467
33936.980 20826.973 32492.193 35171.977 22604.939 32582.248
34977.227 23274.818 32580.871 36940.227 23335.844 34486.207
34718.273 25747.732 31611.037 37163.148 24259.562 34238.945
34479.523 27402.727 30489.832 37094.391 25528.289 33782.219
33178.664 28641.246 28898.881 35550.605 26634.980 32778.059
32122.992 28522.926 27600.488 33749.684 27392.453 31451.725
31225.359 27628.457 26915.727 31613.826 27823.184 29860.453
29166.043 27033.816 26124.041 29058.479 27183.629 27234.326
28644.053 26539.047 26721.812 28573.670 27332.949 26757.834
27855.141 25403.846 27008.955 27467.205 26169.568 25092.396
28484.949 24476.699 28198.246 27459.518 25481.758 24551.746
29624.336 24123.172 29969.340 29056.965 25342.697 25042.322
31532.645 24270.953 30912.615 31029.707 25004.227 25666.670
33724.539 24048.812 31597.857 33213.023 24403.984 26868.438
34600.730 24787.865 31921.061 34642.785 24146.303 27522.061
