6906.929 7370.387 8082.184 7049.635
6635.414 7201.266 7896.235 6744.437
6616.640 6983.176 7952.404 6711.654
6460.030 6796.200 7876.648 6547.059
6501.325 6718.514 7928.602 6612.241
6376.852 6664.846 7844.396 6495.782
6417.710 6721.581 7624.595 6520.809
6559.534 6739.845 7494.873 6681.902
6523.588 6784.172 7475.061 6657.010
6504.440 6736.400 7308.886 6662.028
6537.811 6800.937 7177.057 6702.945
6506.855 6782.974 6873.865 6681.652
6619.062 6909.618 6904.507 6796.889
6749.185 7114.868 6741.895 6928.105
6836.782 7237.534 6659.949 7013.868
6888.880 7321.158 6729.385 7058.898
6925.439 7394.996 6448.479 7095.675
6897.694 7418.888 6153.762 7053.361
6921.416 7487.126 6334.347 7082.082
6993.076 7571.925 6495.690 7142.280
6802.771 7450.822 6208.575 6930.576
6963.058 7499.507 6445.869 7090.375
6866.234 7495.714 6539.480 6981.960
7054.026 7608.228 6695.100 7184.173
6959.092 7667.946 6733.423 7093.707
7124.100 7760.732 6900.830 7258.667
6947.737 7530.140 6935.853 7076.037
7073.705 7713.126 7251.267 7188.396
7293.139 7918.498 7381.371 7412.029
7453.475 7962.214 7619.121 7593.720
7615.126 8028.085 7695.909 7757.259
7483.151 7959.694 7589.181 7628.246
7698.210 8148.308 7761.026 7862.506
7912.518 8157.006 7747.847 8072.837
7972.492 8257.434 7727.784 8141.205
8204.599 8339.545 7941.791 8369.470
8294.619 8386.423 8196.921 8450.830
8354.919 8272.354 8411.571 8499.150
8676.393 8529.515 8708.782 8839.800
8694.114 8718.280 8934.859 8869.828
8732.734 8731.874 9104.535 8890.845
8841.155 8765.271 9245.037 8989.675
8921.066 8951.136 9484.809 9071.812
8638.608 8646.469 9249.206 8772.986
8863.806 8964.914 9505.156 8993.539
8810.824 9103.364 9681.633 8941.352
8758.322 8962.386 9599.598 8868.853
8523.052 9019.002 9581.018 8622.840
8450.021 8720.096 9705.749 8550.225
8324.068 8574.994 9579.432 8426.311
8165.358 8516.707 9276.701 8253.742
7943.042 8218.672 9101.613 8041.936
7866.012 8168.011 8986.562 7973.297
7680.758 7994.509 8770.518 7784.556
7634.114 7916.894 8674.050 7726.650
7559.210 7795.450 8638.248 7642.958
7568.776 7564.236 8337.144 7639.944
7552.542 7591.512 8437.939 7629.766
7563.475 7553.188 8291.895 7640.150
7728.252 7544.974 8225.948 7795.854
7712.152 7534.632 8236.289 7775.301
7742.391 7534.138 8122.984 7805.054
7823.556 7512.192 8068.668 7880.861
7853.605 7567.702 8015.438 7917.375
8006.629 7531.454 8037.745 8078.104
8154.681 7635.604 7940.025 8233.271
8274.830 7490.586 7792.131 8336.130
8297.250 7616.232 7815.661 8358.297
8327.273 7686.434 7839.216 8395.015
8364.131 7776.651 7912.527 8422.050
8300.453 7792.334 7558.663 8357.720
8353.025 7974.968 7710.889 8421.035
8146.708 7942.464 7601.500 8223.889
8149.928 7879.779 7480.191 8221.036
8143.339 7888.559 7404.241 8227.439
8113.064 8010.427 7400.364 8201.021
7775.405 7853.031 7109.498 7878.791
7830.786 7905.343 7192.550 7929.794
7776.345 7841.964 7228.650 7880.534
7789.773 7685.460 7055.574 7887.842
7676.188 7561.100 6992.208 7782.821
7527.224 7472.831 6903.751 7638.931
7690.030 7357.383 6914.215 7782.095
7696.466 7356.414 6886.789 7797.331
7845.537 7529.092 6981.698 7946.738
8017.987 7787.980 7031.772 8117.931
8162.216 7903.242 7095.621 8268.786
8397.129 8155.986 7207.149 8482.230
8553.574 8362.406 7292.241 8633.433
8786.537 8425.583 7429.750 8858.725
8915.326 8553.745 7594.279 8972.905
9248.383 8784.992 7652.563 9305.319
9452.357 8805.271 7527.371 9513.955
9842.004 9345.924 7514.131 9908.843
9882.556 9512.391 7425.109 9930.993
9916.949 9453.129 7595.375 9951.880
9832.496 9469.905 7583.669 9845.556
9797.146 9407.561 7513.246 9790.506
9830.479 9498.366 7665.191 9823.435
9595.352 9135.538 7555.896 9571.277
9678.210 9123.360 7697.043 9651.482
9564.683 9162.425 7814.229 9528.784
9453.986 8992.140 7692.637 9423.298
9321.501 9023.044 7469.457 9307.063
9406.659 8988.644 7457.214 9392.011
9367.275 8953.335 7252.458 9369.964
9279.800 8763.801 7345.708 9289.572
9180.287 8760.365 7363.654 9200.238
9094.922 8809.142 7240.633 9110.780
9271.648 8896.736 7160.186 9297.165
9210.743 8737.562 7095.789 9225.959
9362.947 8970.281 7025.384 9375.026
9356.391 8796.743 6940.434 9350.864
9822.982 9130.438 7130.698 9834.696
9868.064 9086.354 7064.721 9865.176
10283.951 9621.506 7359.238 10256.614
10340.617 9689.571 7512.873 10322.920
10416.621 9703.036 7479.320 10412.974
10398.243 9764.019 7732.867 10384.407
10522.733 9943.734 7905.204 10486.255
10490.124 9911.812 7827.778 10419.693
10764.665 10042.180 7951.325 10684.602
10556.969 10206.573 7915.069 10458.541
10293.143 10013.603 7874.641 10169.312
10170.371 9767.853 7983.747 10039.776
9989.100 9574.825 8157.370 9862.838
9639.029 9387.681 8085.930 9527.104
9709.830 9388.591 8114.825 9598.070
9414.000 9141.377 7905.182 9329.742
9350.291 9163.101 8005.176 9266.841
9231.469 8876.088 7829.364 9160.520
9093.251 8689.774 7704.699 9016.810
8920.260 8398.647 7442.054 8858.748
9035.232 8396.521 7402.143 8984.293
9024.473 8210.559 7171.858 8967.509
9235.868 8305.733 7286.331 9195.759
9273.511 8120.644 7225.201 9245.265
9218.154 8082.068 7165.293 9198.076
9000.048 7929.122 6825.737 8972.755
9152.829 8081.884 6859.768 9112.368
9097.202 7932.527 6719.337 9063.595
9266.162 8093.034 6804.518 9250.511
9108.858 8089.354 6799.146 9075.658
9044.509 8132.251 6821.148 9010.223
8947.438 8087.631 6761.508 8907.399
9041.280 8234.739 6945.277 8987.704
8706.753 8160.577 6917.463 8652.757
8756.407 8509.422 6959.887 8700.361
8747.838 8488.855 7054.572 8674.331
8620.203 8313.379 6989.063 8551.495
8449.133 8313.739 7187.762 8412.924
8421.565 8310.424 7252.064 8401.734
8161.852 8145.737 7006.736 8155.004
8050.805 8107.062 6839.228 8056.106
8111.992 7967.345 7013.673 8105.488
7981.656 7739.244 6793.659 7965.406
8015.319 7762.263 6768.519 8005.383
7881.854 7676.043 6414.323 7870.214
7635.097 7405.232 6139.213 7632.212
7745.680 7455.655 6241.751 7728.890
7683.099 7297.522 6149.089 7672.478
7711.520 7211.725 6121.458 7706.736
7731.731 7138.956 5963.801 7719.737
7764.608 7049.674 5910.541 7758.543
7706.365 7040.277 5702.885 7732.734
7654.773 7090.813 5542.979 7685.702
7837.990 6946.217 5445.816 7860.154
7999.106 6997.377 5480.021 8018.627
8187.936 6987.406 5464.003 8200.691
8224.980 7154.048 5413.400 8244.744
8092.526 7024.914 5178.880 8078.925
8310.299 7077.761 5195.336 8279.413
8554.275 7082.189 5125.623 8523.100
8880.444 7119.017 5045.216 8877.239
8971.003 7091.515 5113.638 8987.117
8633.339 7081.907 4875.957 8649.116
8542.067 7045.745 4796.792 8582.279
8385.010 7143.765 4701.669 8431.353
