26727.086 22286.914 22119.824
27058.859 22629.105 22119.846
26801.666 22746.672 21973.201
26701.545 22667.604 22119.316
26349.365 22670.467 21617.611
25474.271 22283.051 21072.643
24368.213 21927.975 20638.316
23696.305 21289.736 20087.385
22815.209 20563.430 19617.498
21938.770 19908.180 18963.762
21117.396 19209.539 18415.615
20496.576 18795.098 18094.070
19828.248 17999.549 17883.383
19243.699 17605.854 17595.016
18787.303 17172.594 17359.746
18413.486 16896.879 17155.320
18063.975 16648.809 16799.422
17830.014 16332.688 16862.361
17579.172 16172.940 16659.424
17129.781 15793.418 16462.084
16943.117 15632.263 16204.830
16667.439 15298.918 15844.939
16754.613 15049.028 15780.795
16572.006 14666.560 15632.808
16290.824 14516.020 15413.008
16002.837 14491.866 15297.969
15981.260 14269.515 14977.707
15863.918 14166.604 14734.336
15828.709 14041.284 14516.595
15791.502 13961.802 14518.954
16019.424 13912.729 14431.039
16052.320 13951.604 14489.008
16184.044 14182.906 14633.308
16169.748 14205.615 14695.634
16407.096 14387.341 14906.368
16648.311 14672.114 15120.939
17033.174 14813.133 15136.115
17395.045 14990.817 15236.280
17758.324 15133.192 15542.036
17793.857 15289.921 15699.663
17873.037 15421.738 15895.129
18011.488 15650.214 15945.736
18063.830 15768.604 16104.862
18247.414 15927.032 16281.477
18300.902 16020.996 16315.912
18497.314 16050.530 16476.955
18599.756 16205.901 16573.740
18579.285 16281.629 16713.764
18683.607 16393.420 16724.312
18736.346 16472.430 16735.193
18986.143 16518.852 16900.957
19089.766 16633.816 16983.969
19198.781 16728.727 17208.039
19379.496 16920.904 17490.244
19665.535 17137.855 17672.891
19982.572 17386.463 17996.207
20255.205 17586.148 18264.820
20708.963 18051.936 18470.393
21146.775 18367.268 18715.270
21573.066 18857.426 18971.213
22271.182 18990.668 19422.307
22799.021 19460.115 19580.260
23330.801 19800.336 19989.736
23906.615 20267.422 20465.094
24405.617 20516.492 20929.701
24901.359 20981.799 21181.461
25408.945 21361.898 21471.914
25729.490 21575.160 21886.135
26042.553 21759.748 22225.967
26310.354 21751.949 22497.578
26543.797 22056.971 22683.719
26560.072 22151.805 22888.754
26461.344 22238.852 22956.156
26343.578 22142.436 23001.166
26264.244 22161.379 23084.982
26126.977 22122.422 22954.967
26112.104 22069.008 22907.080
25918.264 21844.420 22791.186
25663.832 21828.900 22567.252
25627.465 21701.367 22608.746
25420.170 21487.971 22279.801
25417.111 21458.018 22106.549
25010.148 21337.580 22024.664
25039.824 21490.221 21848.998
24834.451 21530.283 21821.510
24820.535 21730.750 21868.709
25011.010 21979.254 22086.906
25138.604 22349.436 22317.863
25562.795 22673.051 22618.453
25924.299 23198.191 23064.252
26619.623 23620.902 23284.832
27374.918 24177.340 23610.334
27913.807 24782.381 23878.754
28438.766 25206.488 24024.043
29205.428 25614.945 24271.305
29977.367 25935.373 24742.457
30773.242 26352.053 25148.727
31079.457 26800.443 25245.314
31588.895 27211.020 25161.287
31626.504 27371.320 25596.398
31692.197 27427.998 25927.391
31771.291 27650.859 25868.916
31904.266 27793.887 25673.135
31942.732 27683.215 25609.277
31979.652 27757.973 25489.955
31796.584 27667.326 25212.572
31508.068 27685.023 25405.035
31188.471 27512.695 25432.518
30831.564 27514.092 25404.025
30471.963 27374.434 25217.137
30235.049 27058.584 25061.443
30013.457 26650.826 24906.896
29368.295 26498.645 25091.781
29058.793 26376.861 25342.723
28646.328 26304.904 25171.514
28554.461 26299.480 25278.166
28363.971 26188.230 25362.119
28119.693 26414.723 25217.238
28116.936 26338.699 25371.627
28176.150 26357.281 25673.650
28675.416 26359.197 25758.502
29300.838 26334.998 25879.184
29365.928 26602.133 26074.562
29627.736 26665.715 26149.121
29992.787 26677.836 26412.523
30393.766 26682.869 26467.637
30733.385 26692.514 26475.725
31027.084 27038.045 26612.240
31365.666 27219.555 26898.342
31606.076 27453.426 26907.922
32266.117 27529.988 26623.557
32593.037 27647.873 26511.908
32950.664 27807.734 26486.801
32764.314 27800.945 26145.578
32839.059 27486.459 25969.799
32635.000 27409.566 25639.490
32474.223 27657.148 25635.127
32495.664 27491.957 25128.475
31963.689 27491.605 24946.492
31643.438 27215.879 24928.674
31068.254 26877.053 24521.412
30592.969 26828.762 24001.000
30174.992 26654.803 24235.424
29563.914 26304.635 24388.887
29145.510 25826.168 24225.320
28791.820 25474.643 23798.004
28656.652 25066.930 23491.104
28484.469 24797.447 23495.686
28539.133 24645.260 23267.803
28301.248 24719.305 23048.086
28396.223 24379.697 22739.822
28457.805 23956.611 22959.387
28650.559 23763.742 22875.217
29139.891 23577.348 22850.654
29362.439 23484.451 22712.023
29751.865 23248.525 22348.221
30042.627 23270.383 22421.881
30608.129 23222.590 22156.070
31008.113 23217.795 21883.949
30935.631 23456.688 22003.652
31153.758 23475.457 21754.158
31073.635 23295.529 21580.510
31086.029 23252.367 21258.363
31183.184 22861.254 21284.715
31050.859 23025.299 20947.449
30851.355 22949.135 20835.752
30923.186 22711.680 20394.090
30443.422 22496.484 20313.686
30354.881 22057.389 20077.039
30133.078 21788.844 19971.664
29667.682 21433.189 19804.820
29427.650 21048.834 19718.359
28888.395 20812.545 19507.791
28025.793 20790.713 19551.559
27596.939 20744.756 19235.219
27055.262 20373.496 18959.023
26577.244 20138.084 18791.312
26190.217 19760.066 18290.248
25654.551 19470.111 18280.855
25263.652 19417.939 18242.541
25058.068 19146.879 18020.385
25034.859 18969.324 17688.119
24681.230 18687.111 17763.322
24430.490 18387.205 17480.812
24414.326 18280.145 17510.354
24259.613 17773.062 17408.645
24177.391 17795.373 17223.857
