5020.090 7262.744 10324.529 8213.236 8335.643 6598.127 7173.034 5290.157
5049.743 7377.686 10608.293 8510.714 8638.566 6621.888 7344.806 5390.984
4940.010 6989.529 10493.492 8330.147 8635.271 6458.842 7171.225 5268.117
4873.787 6984.006 10564.535 8423.295 8819.914 6499.039 7083.128 5258.859
4872.811 7082.058 10500.976 8626.805 9027.485 6617.476 6910.615 5276.279
4767.955 7105.106 10383.482 8766.378 9175.647 6524.255 6848.106 5257.679
4540.543 7098.941 10223.318 8690.799 9073.626 6346.945 6667.527 5158.520
4370.757 6938.291 10028.465 8409.926 8915.785 6317.697 6391.312 5038.417
4201.782 6791.019 9792.897 8291.866 8761.734 6139.254 6174.361 4903.192
4042.831 6645.084 9615.396 8136.063 8600.124 5960.726 5899.610 4780.433
3901.764 6517.527 9401.946 7990.869 8443.140 5823.118 5679.865 4677.696
3767.428 6407.084 9196.165 7914.418 8315.242 5601.277 5493.324 4568.567
3674.429 6309.621 8989.992 7839.025 8192.673 5432.456 5286.447 4491.295
3561.875 6189.263 8830.666 7797.601 8054.609 5270.853 5164.800 4423.144
3542.125 6139.192 8709.312 7783.407 7988.348 5193.895 5064.427 4385.555
3421.648 6025.943 8557.195 7668.292 7988.584 5046.960 4956.901 4316.970
3334.223 5950.204 8446.651 7557.814 7958.215 4933.333 4824.459 4255.492
3274.378 5934.298 8314.983 7556.400 7857.656 4850.953 4698.190 4203.488
3192.636 5896.113 8246.778 7552.912 7767.562 4770.492 4585.342 4168.751
3178.136 5913.593 8181.089 7470.652 7743.123 4644.481 4572.008 4135.322
3134.673 5928.160 8089.765 7445.745 7723.328 4549.343 4505.041 4098.856
3121.604 5948.131 8077.438 7434.258 7704.762 4468.321 4492.778 4079.700
3077.351 6012.080 8063.270 7421.499 7731.914 4389.725 4511.840 4076.275
3049.624 6030.127 8055.680 7417.046 7696.552 4300.461 4514.480 4057.632
3047.670 6082.538 8029.510 7464.014 7683.070 4308.090 4517.745 4072.537
3029.492 6155.925 8088.512 7487.122 7771.144 4280.147 4576.631 4090.035
2995.329 6203.002 8116.672 7435.696 7827.545 4240.088 4571.039 4096.226
2970.710 6307.232 8246.184 7499.797 7902.971 4265.167 4611.173 4139.577
2963.332 6390.784 8307.417 7544.620 7873.712 4346.678 4629.624 4154.977
2941.803 6452.738 8337.801 7571.543 7858.666 4369.541 4632.636 4175.080
2954.965 6490.228 8356.505 7625.883 7827.557 4435.085 4735.938 4203.851
2970.789 6538.403 8441.597 7671.077 7856.045 4467.098 4727.857 4232.747
2961.775 6617.502 8442.840 7751.507 7867.971 4489.364 4763.118 4258.804
2968.503 6683.512 8512.800 7875.288 7844.534 4553.206 4746.182 4282.938
2992.932 6721.882 8537.956 7925.456 7746.494 4625.824 4797.214 4312.087
2978.292 6783.744 8576.017 7929.055 7730.259 4686.834 4763.410 4335.670
3022.120 6826.783 8578.596 7934.509 7708.498 4775.890 4792.917 4361.893
3029.210 6874.724 8628.812 7977.951 7717.585 4839.708 4894.698 4393.645
3043.906 6893.479 8701.171 7936.168 7719.104 4889.388 4929.378 4408.908
3043.705 6946.057 8652.034 7945.445 7730.477 5013.288 4930.424 4434.950
3067.451 6940.077 8543.300 7940.605 7733.285 5009.375 4969.741 4445.744
3092.021 6904.495 8528.931 7889.165 7751.063 5022.819 5032.075 4451.472
3071.331 6868.464 8466.354 7916.507 7779.786 5060.941 5030.132 4452.063
3093.698 6790.543 8372.461 7920.802 7831.190 5106.305 5132.317 4461.778
3095.193 6753.187 8389.730 7958.997 7814.627 5091.649 5216.788 4480.378
3109.832 6787.395 8392.682 8015.878 7841.847 5172.891 5301.907 4509.003
3114.065 6782.333 8410.651 8170.708 7859.447 5199.794 5401.572 4541.479
3153.857 6895.025 8542.180 8269.974 7948.355 5209.913 5509.113 4590.480
3175.207 6913.350 8570.051 8316.763 8007.312 5222.805 5554.206 4623.370
3200.055 7025.834 8785.678 8437.485 8095.574 5255.132 5669.324 4684.760
3220.591 7224.532 8811.316 8598.370 8276.986 5243.076 5753.949 4754.926
3279.273 7443.688 8945.104 8746.126 8394.443 5351.400 5927.641 4848.620
3325.447 7653.903 9114.633 8886.383 8638.284 5414.051 6071.095 4950.971
3359.381 7881.073 9363.188 9126.308 8831.643 5511.271 6223.157 5054.972
3392.620 8256.243 9608.507 9246.028 9040.157 5659.766 6378.678 5178.473
3427.237 8557.739 9903.114 9389.387 9213.729 5826.633 6532.516 5297.169
3452.889 8919.513 10082.674 9543.943 9438.057 5952.458 6678.649 5410.838
3485.837 9247.780 10264.150 9723.846 9582.688 6054.918 6867.182 5538.625
3502.231 9488.956 10306.968 9861.107 9734.409 6207.812 6943.150 5641.717
3570.494 9715.419 10395.032 10015.980 9937.728 6375.032 6987.431 5744.294
3624.273 9855.493 10473.030 10211.419 10075.380 6429.675 7091.140 5837.371
3667.345 10018.491 10484.242 10356.035 10145.439 6518.504 7178.048 5906.404
3719.227 10136.837 10548.217 10484.488 10205.183 6617.269 7312.553 5978.360
3760.093 10163.245 10418.153 10494.109 10268.376 6753.525 7297.122 6018.901
3787.454 10094.909 10392.911 10510.878 10134.313 6850.272 7288.727 6022.872
3860.761 10079.314 10291.882 10514.615 9982.313 6878.601 7196.303 6032.331
3888.039 9933.520 10288.688 10595.824 9886.708 6884.552 7104.496 6024.157
3916.646 9868.515 10167.640 10486.481 9829.633 6874.458 7049.392 6009.049
3929.808 9760.162 9948.920 10462.395 9729.429 6809.996 6926.020 5990.327
3919.490 9715.820 9879.771 10403.316 9664.858 6768.588 6897.545 5964.961
3903.550 9637.315 9737.438 10357.550 9574.606 6746.045 6872.435 5927.358
3933.725 9537.386 9724.396 10331.615 9499.551 6700.654 6823.573 5908.300
3922.856 9437.238 9617.198 10262.780 9449.960 6598.103 6739.650 5882.046
3857.674 9449.492 9543.922 10233.228 9384.708 6534.096 6693.512 5862.456
3851.231 9439.772 9507.299 10183.119 9395.478 6477.487 6733.095 5861.141
3846.896 9440.226 9524.048 10305.631 9464.153 6438.521 6773.841 5884.641
3811.770 9504.525 9624.157 10337.733 9570.319 6478.097 6804.556 5918.856
3841.262 9541.727 9819.425 10444.606 9698.191 6552.173 6855.801 5972.602
3851.312 9719.521 10040.583 10635.906 9814.876 6663.986 6906.602 6043.676
3882.240 10004.994 10275.016 10827.590 10088.200 6807.052 7030.062 6146.902
3918.287 10218.306 10527.020 11055.674 10347.912 6927.556 7196.606 6253.430
3964.402 10544.131 10808.948 11280.512 10561.902 7120.431 7363.400 6389.130
4049.177 10794.808 11112.688 11670.498 10928.984 7169.213 7614.976 6563.752
4113.389 11135.451 11262.375 11904.333 11345.023 7313.115 7838.003 6731.418
4217.653 11511.974 11576.607 12174.851 11534.363 7461.260 7959.711 6884.869
4399.869 11736.750 11747.188 12467.767 11801.785 7721.142 8185.512 7054.359
4551.126 11959.140 11901.022 12657.696 12099.851 7847.302 8404.460 7218.646
4682.981 12089.740 12004.944 12781.284 12308.290 8008.034 8507.550 7343.549
4948.470 12286.022 12196.345 12974.223 12378.978 8183.017 8621.177 7498.466
5068.705 12334.761 12261.978 13143.634 12442.898 8237.497 8658.531 7602.638
5253.240 12295.706 12204.437 13365.078 12445.000 8363.271 8765.327 7698.117
5407.635 12185.745 12168.012 13215.778 12440.189 8500.438 8731.974 7732.948
5612.808 12038.122 12016.009 13232.366 12441.770 8645.835 8712.861 7788.355
5805.008 11959.096 11822.160 13261.880 12295.692 8791.292 8619.737 7813.446
5926.375 11859.083 11712.033 13143.699 12009.378 8749.078 8570.146 7792.709
6053.019 11597.986 11534.180 12967.475 11784.802 8901.158 8432.437 7762.576
6117.984 11418.264 11382.648 12751.487 11615.951 8956.318 8214.008 7709.129
6155.559 11169.893 11222.425 12419.359 11493.851 8850.255 8081.804 7612.916
6201.287 10949.401 11088.363 12193.526 11198.633 8842.761 8025.312 7546.912
6292.780 10703.613 11023.632 12125.647 10992.221 8758.971 7992.148 7477.039
6242.682 10482.404 10928.019 11915.789 10942.711 8649.981 7795.863 7397.216
6303.145 10306.111 10858.733 11664.286 10809.601 8559.331 7593.264 7320.789
6305.733 10177.150 10892.926 11449.256 10824.539 8429.371 7537.415 7276.992
6327.538 10093.938 10880.039 11421.853 10849.361 8446.197 7501.425 7250.348
6274.119 10111.165 10953.759 11370.838 10904.174 8451.307 7544.876 7227.436
6244.563 10154.405 11019.099 11325.052 11065.585 8490.670 7700.657 7236.279
6315.652 10191.866 11197.099 11438.847 11157.210 8503.570 7748.258 7266.389
6354.548 10341.540 11401.385 11622.391 11405.989 8441.842 7917.034 7366.464
6301.155 10526.022 11646.639 11936.473 11622.355 8378.936 8070.284 7442.201
6438.914 10842.972 11948.408 12129.353 11787.075 8538.951 8343.499 7588.852
6631.190 11089.425 12204.729 12477.644 12033.608 8575.878 8675.566 7764.263
6791.126 11377.266 12525.931 12799.902 12233.640 8762.842 9017.404 7960.869
6919.535 11698.167 12757.269 12966.688 12340.634 8951.279 9267.346 8128.820
7141.831 11934.247 12928.386 13229.488 12571.672 9066.713 9547.688 8317.453
7300.833 12126.163 13047.900 13607.471 12680.360 9181.037 9887.085 8505.033
7492.266 12378.247 13262.271 13728.727 12796.810 9300.889 10091.610 8701.413
7622.524 12558.893 13349.994 13901.832 12955.663 9528.290 10169.430 8857.555
7883.773 12604.407 13291.707 14032.668 13107.386 9705.901 10231.386 8977.042
8062.942 12628.245 13254.818 14026.202 13131.080 9894.264 10332.380 9083.027
8194.186 12559.655 13143.769 14000.398 13097.848 10031.466 10375.143 9142.652
8276.816 12520.428 13103.785 13950.764 13012.091 10326.013 10252.168 9185.070
8394.968 12383.409 13001.757 13772.004 12695.250 10257.613 10111.021 9162.645
8392.426 12189.237 12639.629 13616.283 12509.673 10222.796 10041.522 9107.358
8343.028 11980.262 12358.979 13482.460 12259.226 10337.287 9908.674 9044.569
8275.746 11627.286 12119.749 13327.475 11989.628 10300.565 9819.861 8933.341
8219.591 11295.881 11846.287 13139.983 11861.091 10291.918 9610.877 8823.097
8225.075 11035.601 11621.787 12931.755 11589.148 10226.170 9389.671 8709.732
8309.693 10813.593 11349.010 12702.688 11323.962 10112.331 9189.942 8589.116
8283.166 10542.515 11138.070 12484.191 11044.561 10019.665 8921.645 8445.148
8269.019 10233.904 10933.193 12254.263 10846.693 10002.016 8616.996 8331.166
8184.650 10139.899 10792.715 12084.626 10697.580 9772.866 8457.573 8226.949
8121.437 9828.041 10630.058 11911.105 10498.067 9679.252 8252.620 8111.184
8048.900 9685.502 10615.321 11856.554 10328.476 9581.612 8196.439 8019.142
7968.619 9593.860 10613.015 11666.752 10268.889 9418.616 8098.868 7936.973
7867.777 9548.601 10620.978 11626.447 10225.807 9256.666 8073.226 7886.498
7861.448 9555.519 10612.319 11565.638 10247.405 9321.160 8020.891 7896.282
7968.945 9756.169 10756.671 11669.126 10234.221 9419.158 8134.584 7947.941
7965.298 9955.341 10854.846 11790.831 10314.361 9311.604 8252.127 7999.019
8005.582 10118.108 10963.640 11894.799 10549.972 9381.673 8547.140 8103.318
8186.862 10394.561 11240.903 12152.377 10713.871 9567.854 8793.229 8266.646
8237.036 10691.644 11324.544 12408.062 11042.799 9677.706 9207.900 8429.763
8314.012 10994.860 11470.450 12665.795 11313.130 9774.221 9530.928 8613.778
8697.856 11278.001 11543.605 12819.340 11373.092 9883.337 9872.578 8805.352
8858.190 11533.168 11613.360 13054.646 11523.975 10076.117 10201.782 8997.354
9146.416 11786.879 11792.086 13105.264 11759.723 10235.430 10507.677 9221.629
9355.216 12107.055 11807.379 13319.105 12039.073 10361.341 10565.748 9430.190
9554.915 12209.727 11849.631 13281.717 11942.063 10544.760 10727.227 9602.874
9697.219 12272.353 11724.140 13274.896 11831.474 10646.642 10750.443 9716.836
9935.442 12400.311 11737.132 13417.995 11753.574 10826.994 10897.567 9876.036
10090.008 12386.911 11626.595 13271.417 11617.303 11032.915 10848.319 9949.512
10250.938 12334.217 11557.071 13040.617 11524.693 11011.719 10830.899 9987.871
10418.636 12236.095 11300.380 12916.480 11307.785 10931.695 10721.191 10008.275
10506.881 12085.984 11110.024 12716.380 11204.022 10841.109 10569.471 10000.550
10462.170 11864.350 10857.963 12372.083 10943.225 10827.979 10370.619 9913.090
10363.643 11653.950 10569.689 12027.698 10622.642 10750.802 10139.644 9804.071
10232.824 11485.428 10370.029 11755.410 10301.600 10761.060 9951.957 9725.921
9986.771 11326.696 10193.997 11434.991 9932.454 10601.107 9728.580 9568.080
9900.514 10919.530 9920.510 11054.589 9653.872 10336.262 9545.818 9388.426
9797.432 10668.925 9773.709 10723.991 9555.695 10258.735 9295.447 9249.609
9693.104 10448.454 9638.978 10550.057 9266.832 10187.963 9056.036 9080.289
9573.269 10161.318 9502.610 10316.242 9003.308 10095.308 8873.802 8904.777
9342.311 9948.035 9475.578 10079.344 8868.308 10071.638 8737.601 8770.898
9283.734 9766.551 9529.278 9884.158 8780.773 9771.563 8537.307 8635.879
9203.918 9625.019 9576.479 9824.759 8769.386 9652.856 8433.513 8530.025
9141.682 9543.947 9560.828 9840.233 8696.396 9535.062 8296.895 8424.311
9054.543 9500.141 9642.839 9853.392 8684.672 9431.366 8214.858 8374.991
9020.796 9589.047 9717.093 9916.275 8827.585 9432.691 8150.972 8369.789
9106.820 9734.816 9794.280 10051.998 8978.324 9382.669 8144.977 8403.560
9144.723 9961.623 9909.084 10177.723 9139.851 9493.935 8161.362 8469.210
9253.823 10235.520 10025.397 10254.026 9292.881 9481.352 8310.140 8562.117
9439.147 10505.158 10158.440 10354.817 9486.505 9521.254 8447.987 8679.668
9606.797 10797.957 10241.832 10571.477 9642.280 9636.175 8591.369 8819.823
9780.067 11184.588 10410.523 10705.331 9781.123 9759.137 8932.716 9011.332
10023.027 11411.489 10487.521 10971.996 9861.019 9859.609 9180.610 9177.376
10357.836 11829.443 10482.859 11107.983 9923.676 9945.585 9313.908 9387.450
10629.875 12089.044 10655.987 11265.782 9989.403 10109.215 9525.122 9591.639
10896.952 12353.772 10557.015 11239.186 10077.441 10213.655 9771.823 9751.735
11108.166 12429.646 10457.329 11316.335 10119.868 10405.736 10007.845 9917.720
11330.852 12481.942 10383.163 11421.754 10113.665 10537.149 10192.688 10071.053
11550.131 12614.903 10245.289 11275.438 9988.009 10644.845 10416.824 10176.924
11652.777 12689.132 10045.275 11304.753 9830.679 10732.669 10496.133 10250.514
11820.347 12674.061 9926.440 11109.537 9649.870 10789.961 10463.031 10271.214
11858.118 12600.592 9843.127 10980.456 9390.918 10841.339 10469.081 10301.216
11973.915 12422.965 9705.923 10847.306 9184.195 10823.652 10370.916 10312.585
11878.501 12355.839 9591.321 10626.903 8999.926 10629.193 10205.773 10255.620
12071.908 12058.487 9483.853 10296.700 8803.786 10384.501 10005.668 10193.539
12007.665 11868.231 9373.268 10215.142 8710.368 10412.036 9966.163 10135.871
11940.960 11582.980 9266.643 9995.939 8521.445 10385.952 9743.616 10023.146
11736.997 11360.259 9199.182 9893.478 8329.547 10338.018 9537.685 9896.267
11594.600 11182.023 9189.964 9761.566 8206.359 10283.588 9480.920 9806.983
11528.961 10977.957 9105.564 9625.326 8045.720 10224.585 9325.320 9689.258
11370.029 10806.542 9090.404 9467.860 7899.168 10023.254 9200.164 9570.394
