11108.539 14623.184 16861.258 13862.937 16851.725 11728.490
12487.240 16416.000 19063.244 15608.319 18979.426 12956.444
13544.900 17823.850 20823.014 16889.510 20292.762 13933.240
13773.767 18240.934 22053.580 17221.260 21413.801 14851.157
14329.244 18933.025 22358.844 17417.062 21976.133 15218.150
14055.120 18915.102 22204.668 16782.219 21561.043 14889.935
13868.060 18666.791 22216.164 15908.870 21226.887 14848.139
13731.709 18580.234 21651.176 15647.530 20582.004 14718.866
13252.412 18215.143 20958.982 15613.432 20330.299 14720.188
12830.091 17720.566 20297.768 15200.049 19612.238 14218.612
12322.599 17253.246 19369.338 15192.896 18770.014 13948.196
11637.240 16645.281 18481.443 14826.096 17886.004 13705.062
11308.524 16218.061 17694.092 14303.088 17078.193 13400.762
10923.597 15499.734 16604.209 13634.933 16351.295 12934.302
10571.388 14748.629 15865.743 12870.600 15799.323 12660.188
10343.770 14380.153 15133.931 12305.636 15353.765 12346.671
10012.733 13863.131 14625.952 11739.067 14983.098 12218.058
9905.873 13657.719 14194.504 11399.111 14639.980 12125.923
9586.962 13346.689 13896.953 11189.309 14388.812 12164.381
9566.581 13308.807 13800.873 11111.673 14280.705 12242.242
9597.786 13238.411 13598.170 11070.735 14170.088 12219.766
9599.837 13349.767 13551.922 11186.548 14197.377 12438.878
9563.805 13331.975 13423.566 11185.485 14220.260 12702.034
9855.147 13373.339 13648.172 11208.419 14323.522 13061.169
10090.356 13473.016 13837.714 11431.668 14685.261 13433.211
10658.496 14081.351 14396.443 11661.126 15030.622 13899.785
11014.139 14304.705 14788.259 11753.204 15210.872 14348.311
11336.873 14754.377 15360.827 12132.961 15780.226 14876.769
11540.123 14990.203 15845.342 12187.662 16215.903 14973.204
12042.508 15579.188 16494.596 12452.417 16909.250 15404.706
12349.925 16001.864 17240.703 12826.620 17190.668 15815.821
12700.198 16594.445 17705.459 12986.617 17552.766 16088.797
13011.330 16816.109 18191.561 13164.487 17729.959 16437.121
13245.224 17028.359 18632.352 13380.244 18118.934 16734.793
13499.930 17289.615 19009.213 13556.938 18378.758 16981.109
13544.193 17369.193 19115.246 13733.087 18382.996 17031.719
13750.131 17662.633 19331.504 14041.115 18628.115 17227.857
13770.378 17739.355 19667.734 14044.771 18735.916 17238.650
13837.096 17838.438 19910.785 14224.501 18716.172 17331.982
14033.902 18073.869 20419.262 14391.123 18807.859 17464.357
14222.679 18245.010 20639.381 14710.810 18904.869 17691.363
14379.942 18252.791 20681.787 15074.970 19063.598 17850.508
14350.016 18318.613 20660.354 15323.903 19109.049 17852.438
14421.805 18355.557 21052.393 15966.857 19213.727 17731.510
14482.279 18576.115 21276.941 16306.432 19560.912 17696.605
14681.750 18718.369 21502.166 16784.162 19766.838 17749.920
14991.290 19125.506 21618.398 16975.764 19769.896 17926.143
15136.939 19336.529 21832.883 17421.646 19920.184 18160.072
15318.903 19674.959 21870.197 17809.904 20134.547 18227.641
15462.278 20236.787 22249.846 18435.027 20243.426 18509.295
15679.426 20891.195 22711.504 18994.057 20668.082 18710.740
15979.676 21235.361 22987.596 19366.875 21173.537 18954.734
16368.007 21736.369 23467.693 20139.855 21531.268 19373.008
16725.021 22202.398 23882.268 21153.232 21993.514 19697.445
16881.045 22844.291 24432.182 21833.777 22347.504 20080.896
17149.594 23531.439 24957.479 22496.547 22529.199 20734.623
17290.076 24199.135 25340.168 23063.166 22872.219 21231.451
17579.721 24454.818 26072.701 23767.760 22976.986 21688.715
17773.215 24930.750 26586.830 24505.195 23285.910 22161.521
17947.666 25347.926 27216.266 25234.537 23665.910 22515.514
18151.727 25717.619 27662.258 25611.135 23981.438 22891.611
18291.750 25710.541 27622.932 26220.879 24176.354 22963.998
18295.557 25773.641 28065.701 26448.037 24450.115 23139.287
18026.963 25728.719 27874.037 27006.730 24762.227 23353.148
18050.471 25322.373 27926.592 27413.979 24487.256 23329.707
17699.551 25035.938 27774.770 27897.930 24585.953 22958.279
17720.719 25028.131 27613.404 27701.803 24427.908 22930.818
17484.270 25057.334 27379.662 27647.822 24484.824 23062.293
17478.496 24849.500 27074.973 27547.477 24217.562 22566.609
17401.305 24875.334 26721.871 27368.469 24007.557 22331.855
17271.426 24637.967 26392.350 27182.209 24003.428 21697.174
17190.176 24246.725 26176.365 27224.068 23687.406 21724.686
16843.236 23921.869 25471.363 27037.031 23296.498 21382.238
16755.324 23625.748 25253.859 26812.453 23007.670 21044.926
16529.770 23277.896 24958.379 26558.857 22872.719 20827.559
16526.104 23131.852 24662.660 26383.887 22684.053 20495.908
16335.819 23070.605 24519.080 26200.938 22822.266 20335.328
16461.807 23227.449 24586.928 26262.123 22705.662 19895.938
16560.818 23138.369 24780.633 26302.266 22605.195 19723.912
16494.914 23209.061 24913.018 26605.209 22496.408 19798.975
16446.090 23629.803 25268.291 27539.396 22544.084 20177.713
16528.375 23834.906 25457.227 28053.738 22643.426 20392.355
16536.123 24062.234 25942.266 28580.125 22814.166 20702.578
16662.391 24314.602 26455.484 29323.773 22731.834 21007.730
16908.822 24620.600 26676.934 29796.859 22587.576 21300.609
17063.023 24901.211 26937.861 30521.393 22757.367 21678.988
17173.832 24979.641 27647.146 30907.057 22853.477 22095.711
17249.393 24995.004 27830.775 31505.975 23057.277 22259.635
17213.652 24714.102 28364.477 31350.963 22953.621 22701.602
17176.105 24782.484 28521.658 31000.445 23141.258 23152.420
17190.547 24836.330 28172.902 30492.994 23144.146 23375.904
17214.410 24685.541 27710.479 30162.900 22912.160 23162.217
17030.943 24126.420 27383.951 29779.127 22506.443 23062.191
17253.061 23706.447 27091.893 29446.775 22381.740 22765.572
17112.475 23198.729 26902.250 29280.869 22384.180 22549.879
17060.328 23040.373 26515.877 28703.398 22175.646 21987.902
16651.617 22634.998 25964.191 28385.525 21962.146 21579.389
16084.385 22268.539 25350.471 27788.094 21695.740 21007.992
15966.598 21805.129 25037.807 27096.842 21354.127 20575.533
15679.905 21492.578 24786.307 26851.053 21212.367 20190.457
15592.889 21351.357 24440.480 26460.836 21017.404 19492.689
15469.697 21027.895 24323.727 25947.893 20798.219 19190.596
15269.141 20812.557 23902.535 25534.469 20662.891 18680.941
15160.551 20563.729 23742.924 25296.725 20515.775 18473.684
15242.274 20703.744 23705.982 25171.736 20831.680 18302.559
15125.110 20714.566 23602.373 25345.533 20835.686 17959.039
15284.235 20964.377 23712.473 25834.371 21019.490 17701.678
15548.612 21161.178 23761.035 26435.453 21441.025 17843.574
15728.108 21458.088 24256.395 27021.762 21808.322 18023.352
15849.653 22037.158 24760.121 27652.566 22106.971 18230.705
16066.669 22448.586 25332.162 27911.531 22265.143 18735.146
16293.019 22891.936 25734.695 28777.365 22295.406 19397.504
16529.100 23310.824 26418.840 29403.086 22546.754 19892.113
16779.078 23617.291 26808.553 30259.820 22867.125 20301.201
16974.066 24161.822 27280.125 30348.215 22964.926 20603.359
17034.541 24313.434 27667.607 30521.785 23172.877 21327.861
17176.949 24627.451 27816.406 30927.121 23289.842 21683.008
17160.588 24766.688 28149.359 31176.227 23130.924 21955.244
17262.572 24713.570 28222.307 31334.049 22867.252 22164.207
17082.170 24437.127 28170.000 31233.258 22774.713 21937.600
17035.953 23929.248 28211.246 30916.207 22376.926 21875.369
16803.760 23298.811 28016.613 30635.711 22105.793 21678.723
16744.811 22922.586 27806.305 30192.580 21710.686 21551.588
16351.685 22454.518 27438.965 29294.082 21735.350 21095.393
16040.960 21963.293 27040.291 29126.822 21658.395 20508.469
15889.373 21867.943 26612.605 28647.023 21531.230 20207.504
15722.518 21403.338 26220.918 28130.189 21415.094 20005.727
15634.185 21055.791 25929.059 27440.688 21150.498 19552.188
15480.618 20913.943 25151.346 26703.180 20725.109 19039.531
15422.284 20653.912 24583.418 26331.557 20673.926 18511.373
15408.998 20396.486 24083.434 26129.590 20458.525 18125.967
15373.294 20232.344 23724.029 25918.943 20677.074 17830.607
15563.879 20424.867 23558.471 25718.801 20779.238 17503.074
15776.326 20695.320 23413.656 25858.012 21030.404 17312.615
16108.468 20878.402 23481.158 26228.949 21216.264 17213.072
16410.789 21105.965 23604.590 26661.189 21392.512 17000.434
16643.877 21495.061 24050.279 27074.545 21705.111 17111.137
17086.336 21807.621 24367.492 27573.656 21915.707 17385.514
17565.652 22116.967 24995.779 28208.936 22094.725 17683.143
17791.045 22560.352 25602.111 29142.658 22214.791 18112.441
18073.254 22946.682 26212.088 30019.258 22657.922 18742.957
18249.990 23324.277 27166.646 30574.713 23020.857 19599.879
18124.088 23624.291 28143.719 30995.166 23139.506 20526.512
18310.518 23763.301 29082.344 31730.975 23006.561 21469.154
18360.047 24045.920 29532.863 32535.482 22937.043 22407.035
18344.764 24471.482 30250.205 32835.613 23015.592 23295.977
18317.236 24642.836 30632.035 32970.309 23042.094 24013.455
18087.223 24514.289 31307.781 32755.613 22699.635 24747.523
17882.500 24308.734 31664.893 32789.891 22412.037 24881.480
17882.877 24472.705 31869.383 32425.535 22106.750 25462.988
17753.088 24172.543 31574.312 32252.998 21875.119 25795.055
17416.998 23733.635 31608.533 31917.080 21300.350 25715.164
17243.955 23381.420 31227.271 31633.906 21103.143 25864.443
16984.381 23034.918 30502.209 30658.549 20843.699 26035.150
16667.285 22535.621 29993.125 29843.914 20554.064 25819.580
16409.432 22277.861 29566.375 29025.908 20322.049 25558.162
16238.297 22119.451 29199.436 28435.072 20122.318 25430.703
16274.895 21935.045 28861.912 27869.139 19819.816 25277.238
16119.099 21536.430 28473.348 26980.533 19715.656 24960.363
16046.723 21488.262 27901.422 26397.715 19619.047 24684.023
16265.802 21465.770 27681.680 25601.020 19374.379 24346.912
16356.291 21648.574 27211.248 25152.344 19338.539 24333.607
16487.617 21705.988 27112.039 24588.936 19187.807 24357.197
16791.652 21955.381 26934.184 24076.529 19187.250 24066.535
16991.977 22006.824 26851.166 23844.260 19255.809 23793.818
17260.281 22485.496 26576.719 23506.168 19360.941 23807.789
17555.914 22773.979 26481.072 23724.133 19243.529 23603.541
17801.209 23151.043 26653.285 23851.598 19241.441 23346.020
18047.467 23467.045 26582.941 23914.803 19289.754 23127.785
18359.242 23665.023 26726.715 23893.875 19557.605 23164.217
18470.992 23760.383 27077.223 24353.787 19367.502 22947.223
18502.949 24073.947 27221.424 25223.529 19302.420 23320.145
18774.707 24152.125 27453.895 25930.086 19523.602 23461.223
18771.156 24501.691 27753.234 26474.965 19617.844 23788.666
18526.742 24655.232 28264.279 27197.363 19254.547 23769.857
18349.730 24744.240 28559.234 27829.854 19037.740 23618.301
18009.896 24784.723 28885.004 28093.883 18903.443 23874.783
17872.730 25075.080 29315.615 28781.742 18783.383 24188.182
17597.266 24804.566 29715.678 28874.250 18457.965 24578.332
17120.051 24413.502 30121.010 28888.887 18161.020 24536.262
16858.783 24008.961 30155.664 29043.803 17864.807 24644.838
16522.797 23869.914 30496.418 29361.521 17477.000 24767.979
16255.472 23540.803 30663.330 29229.262 17143.018 24806.301
15867.969 23171.414 30655.229 29061.254 16505.650 24825.102
15527.185 22685.600 30681.201 28705.939 16409.559 24885.760
15349.417 22372.984 30714.830 28676.820 15958.580 24836.721
15062.696 21931.191 30591.293 28683.422 15495.788 24770.191
14978.299 21593.711 30336.260 28750.980 15292.318 24608.537
14916.765 21219.502 30201.344 28530.967 15133.094 24704.041
14779.749 21001.633 29943.537 28594.848 15052.676 24358.988
14876.568 21047.203 29646.562 28388.332 15025.014 24083.008
15088.371 20874.799 29075.418 28077.738 15102.875 23833.748
15356.420 21015.568 28964.131 28005.418 15286.419 23716.408
15371.615 21114.039 29029.547 28034.695 15451.296 23454.311
15627.783 21620.096 28718.963 27483.766 15629.942 23134.953
15715.430 22027.018 28486.789 26905.334 15732.452 22737.607
15698.879 22139.598 28348.629 26477.908 15921.029 22119.754
15860.239 22611.078 28026.217 26083.314 15805.586 21762.393
15984.072 22895.297 27851.533 26061.727 16253.195 21421.229
16008.404 23383.180 27542.230 25750.145 16366.517 21113.096
15900.279 23654.281 27587.152 25396.691 16413.533 20764.008
15965.276 24158.271 27452.408 24933.793 16567.404 20542.568
15816.668 24369.799 27124.906 24975.773 16690.725 20127.184
15842.183 24873.363 27210.896 24805.705 16711.012 19774.967
15716.308 24956.850 27137.852 24521.553 16661.617 19427.639
15651.750 25216.779 27260.926 24571.010 16323.844 18969.523
15336.459 25405.670 26858.559 24421.699 16142.896 18719.246
15266.180 25375.826 26697.387 23768.816 16261.123 18788.000
15032.307 25225.023 26678.625 23683.543 16495.230 18648.121
