6641.844 4812.322
6295.521 4691.419
6607.315 4873.873
6795.209 4897.913
6721.883 4860.123
6423.991 4681.560
6275.588 4517.695
6259.128 4398.456
6156.383 4399.905
5838.488 4202.355
5771.634 4056.240
5562.767 3895.784
5468.417 3888.284
5365.509 3795.919
5186.980 3691.785
4980.685 3607.017
4901.423 3596.283
4906.119 3580.091
4874.584 3519.270
4991.735 3537.084
4930.386 3438.104
4997.800 3460.371
5077.446 3484.672
5215.391 3526.573
5320.667 3559.987
5373.493 3577.258
5485.733 3684.228
5684.925 3817.288
5901.296 3913.961
5981.357 3995.149
6016.314 3974.386
6085.843 4037.653
6224.105 4133.776
6388.519 4280.178
6390.677 4305.169
6411.616 4281.963
6304.725 4289.913
6402.424 4399.111
6594.956 4460.843
6619.924 4518.829
6661.199 4587.677
6670.059 4596.344
6777.272 4621.185
7023.740 4725.157
7147.134 4809.116
7156.690 4782.506
7157.885 4794.567
7254.807 4828.465
7503.146 4929.238
7859.738 5136.850
7947.650 5281.208
8015.482 5350.884
8266.398 5430.116
8474.367 5450.437
8811.532 5612.228
9039.256 5754.519
9100.783 5694.618
9165.291 5641.784
9451.309 5780.950
9688.748 5792.349
9720.111 5758.542
9624.096 5670.881
9444.333 5562.698
9601.677 5570.013
9653.417 5576.534
9398.468 5511.729
9107.378 5416.247
8926.412 5333.434
8885.326 5278.174
8906.547 5311.588
8787.586 5287.354
8617.499 5232.307
8557.316 5144.350
8671.165 5216.230
8888.529 5357.031
9141.963 5532.212
9308.438 5639.252
9560.226 5803.114
9888.581 5960.585
10397.409 6229.528
10793.923 6467.396
10918.576 6503.558
10925.432 6536.786
11197.193 6635.124
11574.139 6838.625
11646.055 6741.723
11662.400 6607.695
11515.244 6592.063
11481.376 6507.265
11502.796 6458.915
11447.028 6399.790
11067.914 6232.927
10843.052 6130.509
10506.555 6094.763
10355.339 6056.999
10053.781 6036.769
9786.800 5920.706
9534.479 5881.316
9272.212 5817.539
9258.670 5969.246
9389.175 6166.749
9369.514 6348.183
9380.241 6421.983
9514.460 6588.903
9946.302 6916.809
10347.427 7157.334
10510.088 7212.445
10653.274 7296.361
11069.729 7419.165
11533.623 7606.241
12022.976 7679.270
12049.967 7687.167
11939.972 7604.859
12044.085 7604.149
12130.760 7645.576
11827.051 7645.421
11239.859 7303.005
10880.627 7202.187
10662.537 7066.057
10516.124 6974.715
10102.497 6868.394
9540.789 6526.179
9336.910 6364.161
9090.116 6282.197
8970.107 6318.508
8585.117 6195.628
8388.180 6216.080
8407.040 6325.061
8493.812 6502.806
8672.230 6759.719
8868.004 6949.204
9056.978 7056.188
9468.328 7392.278
10020.364 7719.225
10463.635 8009.647
10712.438 8055.585
10956.038 8249.791
11268.878 8335.046
11715.558 8444.582
11879.695 8428.711
11613.354 8104.781
11688.771 8020.463
11442.641 8046.605
11085.510 7909.055
10757.666 7589.138
10343.424 7365.359
10150.454 7253.888
9861.848 7043.501
9538.408 6961.208
9117.467 6596.110
8840.017 6373.579
8594.888 6294.949
8494.967 6297.944
8266.407 6214.165
7933.406 6091.354
7652.832 6005.487
7812.863 6074.770
7783.767 6228.664
7848.319 6367.961
7770.090 6417.699
7866.069 6504.230
8319.218 6802.614
8614.294 7008.978
8805.553 7107.291
8965.658 7085.652
9062.804 7129.994
9415.880 7296.463
9745.603 7378.891
9610.055 7198.121
9476.846 6995.015
9607.986 7000.956
9440.649 6939.066
9591.535 6934.529
9492.488 6824.214
9131.285 6723.206
9030.211 6673.262
9071.862 6702.691
8629.876 6549.586
8178.877 6206.998
7931.681 5999.256
8129.432 6079.234
8051.530 6057.000
7790.727 5909.346
7423.447 5767.019
7324.736 5748.479
7282.944 5775.314
7415.786 5815.209
7397.958 5718.060
7281.224 5580.195
7337.784 5718.979
7469.607 5777.306
7571.090 5870.179
7385.370 5719.359
7348.493 5722.695
7375.168 5673.312
7480.767 5759.911
7425.158 5727.479
7249.991 5644.452
6889.321 5496.510
7104.788 5588.303
