4770.176 6411.480 6018.269
4714.066 6300.470 5892.007
4777.458 6350.265 5918.116
4866.319 6454.408 5969.848
4940.188 6528.600 6058.607
5035.073 6733.444 6203.087
5178.147 6899.492 6341.678
5331.296 7070.934 6509.389
5467.544 7185.079 6624.962
5620.125 7317.475 6738.410
5778.910 7468.909 6835.380
5665.330 7307.388 6670.035
5908.888 7535.951 6923.001
5948.674 7610.305 6919.228
6033.300 7645.969 6990.045
6107.521 7611.404 6963.285
6100.251 7572.658 6964.546
6022.462 7397.079 6795.565
6238.055 7540.180 6981.136
6278.870 7650.450 7049.044
6171.305 7390.181 6887.511
6420.492 7668.527 7158.127
6581.819 7774.727 7279.727
6693.876 7867.454 7368.177
6716.208 7788.840 7357.747
6831.257 7950.090 7462.315
6947.425 8058.584 7611.996
6987.442 8121.360 7677.906
7172.658 8252.397 7881.154
7255.441 8427.494 8024.460
7402.589 8517.317 8172.052
7568.766 8665.111 8400.485
7615.820 8763.585 8440.979
7725.733 8943.168 8640.056
7608.140 8870.527 8510.902
7982.579 9177.782 8788.576
8065.955 9332.303 8866.151
8077.643 9413.390 8857.865
8138.114 9518.886 8891.350
8143.581 9533.703 8910.557
8080.134 9575.668 8922.807
8028.068 9533.696 8858.092
8082.313 9526.922 8854.698
7940.219 9358.732 8679.637
7913.158 9424.508 8609.010
7903.335 9367.029 8536.755
7820.265 9298.308 8385.060
7740.487 9130.323 8228.249
7690.848 9017.621 8136.182
7672.473 8940.806 8085.032
7608.723 8916.620 7996.045
7558.932 8823.548 7936.712
7568.282 8797.394 7914.161
7437.888 8729.960 7820.169
7555.682 8865.841 7911.706
7545.722 8909.275 7950.000
7441.185 8678.818 7834.799
7615.377 8977.737 8018.940
7712.359 9132.670 8135.536
7691.152 9182.573 8191.859
7658.315 9259.962 8136.880
7674.890 9247.970 8112.804
7694.415 9313.762 8165.122
7728.504 9340.144 8186.114
7769.865 9351.971 8176.438
7752.128 9328.383 8179.402
7764.570 9341.088 8168.650
7742.692 9249.124 8097.406
7785.417 9246.628 8095.199
7810.530 9034.351 8005.535
7685.442 8862.779 7801.395
7730.032 8803.455 7760.363
7575.278 8691.887 7605.830
7566.851 8576.056 7522.139
7514.687 8464.890 7397.199
7458.729 8502.117 7372.757
7536.701 8406.370 7351.249
7471.802 8398.833 7308.427
7420.745 8458.841 7252.437
7472.061 8426.202 7259.812
7450.814 8512.043 7212.692
7539.347 8607.401 7287.450
7660.812 8689.869 7381.600
7729.959 8812.950 7446.153
7872.272 8980.366 7597.563
8042.032 9097.651 7715.164
8194.194 9164.832 7822.385
8326.392 9286.526 8014.770
8356.398 9522.024 8127.584
8341.756 9479.582 8093.370
8459.533 9558.751 8224.446
8509.970 9618.702 8221.395
8559.269 9596.410 8250.861
8521.554 9556.855 8192.700
8542.316 9535.463 8121.591
8458.878 9461.791 8046.544
8269.944 9355.334 7880.809
8134.110 9240.212 7748.795
8148.569 9238.946 7693.790
8057.789 9168.266 7598.662
8050.082 9173.792 7581.788
8029.497 9252.602 7540.812
7953.984 9219.857 7502.907
8011.694 9288.945 7514.254
8042.632 9402.710 7544.275
8074.602 9521.769 7525.945
8056.439 9669.311 7550.164
8348.271 9868.046 7748.771
8345.055 10038.990 7769.480
8628.715 10372.567 8003.289
8863.831 10540.660 8147.497
8942.414 10697.347 8237.648
9086.477 10731.476 8280.551
9150.552 10867.417 8365.271
9307.979 10991.993 8490.530
9441.038 11119.646 8611.720
9466.369 11170.271 8630.038
9481.506 11120.941 8588.195
9290.837 10757.292 8390.739
9408.765 10923.049 8452.247
9118.222 10628.900 8186.953
9207.675 10815.375 8248.989
9104.906 10726.777 8116.474
8738.363 10369.918 7815.869
8807.139 10467.540 7904.382
8638.706 10317.497 7764.842
8404.892 10188.609 7578.523
8352.079 10417.479 7634.371
8313.061 10387.392 7560.960
8255.213 10305.545 7533.397
8252.081 10453.868 7525.772
8227.636 10594.159 7432.373
8115.326 10432.076 7351.730
8324.890 10701.969 7529.067
8480.236 10853.262 7620.910
8678.051 10885.474 7699.667
8890.704 11112.541 7805.785
9036.010 11099.898 7813.304
9080.713 11203.598 7740.590
9217.422 11294.800 7840.368
9437.923 11345.399 7890.487
9422.938 11322.693 7789.212
9426.800 11324.004 7752.464
9355.147 11260.562 7643.671
9078.511 10959.688 7409.837
9062.920 11019.583 7421.388
8846.839 10598.227 7211.002
8916.239 10732.773 7268.550
8732.591 10515.295 7145.549
8349.226 10156.530 6810.437
8395.782 10168.859 6866.522
8300.815 9969.256 6797.032
8205.310 9809.208 6759.542
8005.973 9537.061 6621.000
8063.394 9579.900 6680.778
7880.333 9326.615 6595.594
7977.289 9525.812 6752.657
8009.154 9414.263 6840.243
8015.179 9366.009 6854.933
8194.309 9428.707 6983.462
8281.495 9516.942 7086.444
8291.391 9530.354 7144.207
8362.933 9599.558 7209.031
8573.945 9849.724 7354.854
8627.147 9915.122 7405.275
8619.311 9980.863 7405.058
8665.961 9947.889 7408.493
8669.267 10095.271 7378.153
8650.954 10054.428 7347.977
8708.770 10009.549 7369.333
8750.705 9960.257 7337.861
8719.353 9891.371 7201.703
8519.717 9636.623 7003.980
8628.940 9733.319 7027.592
8503.060 9624.894 6939.653
8563.771 9551.735 6982.320
8510.167 9401.014 6929.500
8441.964 9216.704 6850.837
