10056.926 11812.981 7538.348
10772.246 13174.386 8030.144
11572.243 14338.319 8540.044
12575.366 14667.776 9076.347
13112.240 15083.969 9187.979
13411.924 15445.375 9337.928
13123.868 16041.679 8955.976
13333.649 15598.893 8058.938
13478.638 15167.655 7775.180
13718.836 15078.569 7245.638
13633.789 14594.896 6876.406
13342.545 14105.915 6696.561
12945.385 13667.679 6633.016
12276.108 13488.793 6345.075
11906.173 12834.652 6157.440
11452.482 12619.188 5874.264
11203.426 12091.996 5712.752
11266.317 12052.721 5464.362
11185.924 11641.875 5247.003
11028.811 11321.872 5065.185
10999.521 11168.046 5037.924
11108.418 10939.458 4910.694
11239.804 10665.927 4882.729
11307.713 10296.251 4605.737
11540.444 10079.722 4409.544
11789.020 9953.543 4302.933
11948.488 9772.169 4438.582
12063.442 9580.107 4583.045
12339.401 9630.595 4592.234
12518.860 9612.983 4694.656
12716.342 9704.866 4849.045
13171.592 9875.604 5151.137
13271.170 10096.984 5297.684
13458.494 10307.091 5422.378
13795.128 10389.002 5620.440
14281.887 10659.418 5794.910
14522.169 10743.837 6127.808
14882.139 10840.746 6428.070
15301.198 10890.843 6646.949
15750.385 11160.741 7072.369
16275.714 11341.975 7246.059
16945.758 11693.960 7756.146
17681.252 12078.701 8069.408
18232.441 12535.501 8443.504
18823.955 13005.546 8820.698
19573.428 13257.797 9200.761
20561.965 13663.124 9323.334
21502.838 14021.551 9780.699
21918.932 14642.115 10235.934
22038.779 15246.360 10750.604
22498.910 15981.147 11420.884
22541.580 16068.354 11910.051
22559.609 16581.982 12051.853
22815.959 17282.336 11894.782
23096.965 17784.611 12287.355
23688.287 18209.529 12396.003
24134.803 18414.988 12621.729
24199.641 18371.059 12934.094
24359.072 19232.822 13115.648
24754.199 19973.775 13429.625
25149.475 20343.740 14085.072
25612.910 20402.145 14694.844
26020.207 20730.838 15579.018
26088.287 21216.707 16544.664
26551.396 21936.088 16899.939
26863.131 22493.139 17690.361
27199.523 22939.387 18141.471
27521.779 23628.230 18526.428
27113.621 23718.064 18425.301
27217.756 24477.898 18428.568
27866.221 24454.473 18567.867
28339.902 24073.596 18656.207
28498.740 24395.879 19006.578
28119.145 24463.172 19083.133
27950.297 24853.131 18895.447
27478.916 24715.609 18549.941
27600.189 24071.889 18655.668
27444.514 24648.170 18816.256
26800.236 24664.023 18869.562
26717.387 24473.029 18704.982
25808.621 24071.740 18137.773
25553.922 24109.555 18303.490
25349.709 23267.535 18485.900
24875.707 23692.068 18428.396
24982.988 23900.754 18691.672
24606.623 23648.609 19447.336
24349.648 23826.709 19736.508
24157.172 23884.701 20200.281
24586.598 23794.605 20473.223
25179.246 24446.789 20828.572
25521.027 25134.670 21314.691
26265.445 25086.367 20886.395
26825.883 25564.025 21264.121
26832.590 25856.447 21249.334
27183.834 26329.396 21316.705
27695.793 26919.494 21561.580
28339.227 26658.887 21326.727
28833.217 26982.215 22140.572
29036.533 27145.262 21730.438
28665.613 27213.512 22163.928
29100.904 27077.172 21709.268
28544.639 26714.459 21932.059
28136.508 26646.426 22059.461
27226.047 26214.566 21990.439
26847.842 26236.053 21737.498
26582.256 25134.729 21771.709
25459.709 24510.773 21492.137
24908.029 24278.248 22050.467
24768.658 24200.836 22524.771
24572.977 23939.945 22590.922
24486.480 23371.479 22819.102
23889.930 22992.400 22924.650
23501.039 22721.004 23416.920
22877.852 22765.885 23514.602
23192.607 23169.205 23629.484
22679.369 23513.418 23604.221
22347.000 23375.682 23648.928
23772.551 23298.277 24826.611
24517.475 23595.092 25252.031
25457.830 23650.014 25692.375
27018.135 24188.133 26410.844
28526.627 24554.910 27387.920
29751.338 24975.891 28478.178
31267.324 24769.512 29184.240
31572.314 24664.510 29045.449
32047.764 24878.414 29489.719
32738.787 25014.027 29945.793
32963.102 24860.096 29718.109
33328.145 24667.488 29885.877
34027.766 24443.834 29705.602
34250.980 24128.451 29913.449
34209.809 23753.053 29097.773
33398.703 23599.367 28880.531
33489.797 23587.732 28919.305
32851.168 23257.754 28334.896
32456.980 22792.760 28166.199
32400.324 22742.500 27687.926
31921.455 22689.277 27529.994
31504.621 22626.035 27251.871
31650.693 22256.262 27430.328
30790.350 22286.070 27621.381
30397.262 22706.947 27914.604
29109.658 23083.186 28069.824
28560.504 23908.252 28217.723
28305.971 24120.258 28487.250
28609.129 24716.822 28623.969
28941.641 25455.520 28811.869
29383.051 26371.729 29427.277
29483.135 26713.811 29879.691
30730.998 27303.035 30803.148
31243.680 27707.113 31403.791
32432.758 28731.873 31828.920
33125.559 29224.797 32234.395
34137.223 29705.820 32693.986
34989.273 29236.154 33140.953
36402.664 28770.229 33310.691
37209.875 28651.508 33917.340
37296.969 28800.619 34630.250
37158.121 28636.508 34770.477
37475.430 28437.004 34897.512
37670.301 27718.748 34667.449
37852.004 27089.072 34960.473
37893.699 25918.143 34769.629
37742.242 25240.152 35023.039
37220.391 24733.074 34963.609
36636.398 23990.893 34370.926
36084.492 23505.631 34281.852
35519.258 23106.633 34198.367
34735.062 22415.463 33850.488
34287.742 21783.643 33625.316
33920.961 20914.029 33027.895
33427.422 20537.816 32933.766
33137.793 20998.643 32880.871
32840.469 20974.057 33377.309
32930.805 20815.465 33856.637
33090.516 20793.129 33920.344
32799.250 20754.582 33713.234
33072.871 20574.949 34644.492
32972.785 20391.324 35025.828
33398.984 20850.479 35340.961
33624.246 21161.445 35906.656
33751.148 22057.992 35924.059
34445.453 22536.855 36461.762
35049.250 23230.973 36720.625
35446.453 23714.592 36835.445
35571.637 24179.951 36994.539
36113.426 24287.049 37040.555
36359.453 24158.814 36916.059
36465.703 23873.004 37237.613
36942.293 24304.146 37145.078
36178.441 22489.316 37352.258
36293.930 22060.562 37248.785
36186.902 21949.115 37520.531
36379.531 21445.854 37278.664
36634.277 21119.002 37134.840
36903.688 21117.742 37219.492
36654.023 20794.350 36968.121
36063.645 20386.410 36533.430
35459.203 20434.490 36001.438
34511.453 20587.426 35323.277
34139.895 20457.180 34803.023
34124.453 19910.637 33995.809
34494.176 20060.609 33101.594
34901.719 19619.535 32953.676
34444.758 19463.688 33088.293
33806.949 19796.553 32500.076
33863.977 19717.525 31886.844
33911.520 19850.213 31399.504
34528.395 20051.047 31112.236
