24038.914 26878.531 22637.430 33280.969
24168.498 26557.174 21792.889 31833.223
22458.859 26250.271 21086.248 30114.500
21465.682 26255.688 19841.521 29138.773
19739.057 24892.684 18683.623 28176.582
18385.047 22774.088 17509.012 26653.627
16798.594 21873.717 16384.842 25074.021
15621.868 20434.789 15138.947 23892.732
14536.992 19033.205 14209.352 22279.076
13810.865 17904.262 13019.861 21763.824
13245.056 16838.861 12014.746 21258.906
12818.799 16373.895 11773.344 20672.170
12688.927 15968.604 11636.218 20478.428
12280.064 15724.635 11636.367 20807.789
12446.270 15493.990 11287.307 20684.484
12346.390 15748.806 11476.472 21098.953
12690.608 15793.030 11925.357 22023.908
13063.128 16373.999 12195.347 22786.830
13537.229 16952.346 12543.523 23738.527
13770.893 17436.879 12912.605 24542.715
14341.179 18035.406 13034.688 24942.074
14950.648 18478.684 13124.237 25846.197
15446.925 18977.758 13340.609 26309.295
15923.649 19495.047 13630.140 26178.934
16164.971 19822.225 13734.470 26846.252
16437.662 20466.668 14026.617 27320.707
16837.863 21020.625 14330.101 28345.148
17311.543 21573.133 14984.034 30066.068
17770.838 22861.830 15748.707 32312.105
18264.434 24253.076 16760.098 34276.426
18799.082 25200.422 17612.412 35485.547
19418.270 26308.506 18665.578 37487.703
20221.875 26973.562 19110.590 38679.770
20761.082 27276.830 19071.479 40023.637
21606.260 27784.539 19655.900 40878.188
21675.980 28242.059 19505.057 40507.605
21851.217 27747.668 19770.002 40398.191
21874.939 27491.439 19965.785 39491.039
21503.678 27711.979 19692.943 39141.688
21013.346 27428.586 19372.424 39067.645
20758.824 26975.250 19489.758 38821.016
20896.596 26628.836 19582.934 37876.613
21109.287 27012.922 19798.549 38723.887
21413.580 27318.053 20173.760 39541.871
21909.584 28695.736 20754.932 41176.172
22835.607 30356.598 21563.590 43780.676
24001.920 32528.811 22865.078 46361.812
25173.658 34656.441 24317.570 47883.848
26247.670 35657.570 25071.568 49215.648
27515.055 36225.281 26057.184 49288.875
28310.559 36902.461 27032.449 50067.578
28452.484 37197.453 27752.248 49685.523
28807.227 37405.055 27361.094 49859.109
28495.098 37237.770 26800.967 49144.816
27933.395 36652.316 27310.025 48565.344
27501.166 35678.918 27581.209 48017.117
27314.883 35619.707 26848.533 47496.250
27118.959 34930.496 26637.758 48484.945
27641.955 34640.305 27227.668 48924.859
27694.535 34912.535 28229.352 50253.871
28277.982 35257.633 29975.232 51750.293
29066.137 36203.750 33034.977 53599.668
29959.885 37841.797 35027.852 54458.812
31241.482 38994.914 36899.793 55851.055
32163.303 40037.250 38397.020 55336.453
32810.695 40792.480 38103.590 55323.676
33021.121 41368.164 37084.172 55257.785
33390.246 40637.500 37186.047 54925.574
33208.500 40226.000 36679.777 55032.988
32987.844 39352.734 36512.910 54027.859
32715.023 38613.500 34890.637 53497.570
32378.766 38327.668 33913.285 53321.195
32215.779 37621.035 32464.494 53104.773
32539.588 37618.652 32919.590 53192.254
32429.854 37228.910 32288.516 53428.312
32306.377 36848.766 33054.492 54463.035
32966.359 36646.414 34405.773 54760.668
33277.191 36569.961 35097.887 54376.312
33580.105 36458.691 35759.246 55044.289
33653.422 35690.461 35806.445 54999.812
33428.941 35040.293 37181.336 54177.910
33748.664 33960.203 37683.844 54091.348
33725.223 33157.336 37685.285 53613.859
33342.703 31790.156 37786.914 53287.871
33069.816 31110.031 37561.484 52085.086
33014.758 30222.326 37029.844 51299.699
32467.039 29117.098 36264.922 50788.879
31873.090 28046.781 35170.777 49854.961
31021.391 27480.623 34888.629 50139.641
30959.812 26673.912 34559.027 50360.512
30954.885 25625.547 34402.129 50069.102
30318.379 25060.480 34332.523 50001.660
30071.215 24464.971 34490.012 49277.359
29926.035 23857.613 34314.031 48722.000
29801.188 23550.652 33883.602 47863.176
29845.559 23043.803 33396.957 47063.117
29883.090 22851.893 32605.145 46615.004
29462.971 22556.959 32145.582 45593.578
