7113.544
8298.168
8673.790
8335.897
8162.727
7851.329
7280.459
6917.220
6703.176
6591.558
6664.879
6852.275
7004.652
7235.182
7339.024
7504.047
7382.647
7098.590
6897.892
6745.311
6699.873
6945.160
7137.140
7543.978
8154.135
8668.579
8796.850
8927.577
8976.441
8683.584
8425.575
8117.159
7728.240
7455.173
7491.310
7561.404
7695.616
8118.573
8309.713
8598.284
8627.163
8647.342
8437.928
8037.567
7852.689
7695.020
7702.718
7659.766
7870.310
8009.667
8509.975
8948.109
9457.948
9480.534
9361.688
9005.053
8506.345
8127.463
7711.157
7491.722
7570.265
7615.868
8105.039
8446.317
8859.467
9271.549
9596.074
9752.280
9519.885
9510.108
9164.412
8863.586
8511.440
8344.080
8406.609
8603.689
8997.938
9588.350
10130.567
10665.820
11028.763
11205.456
11296.394
10744.771
10231.443
9780.364
9537.492
9197.114
9365.252
9496.964
10107.961
10720.260
11350.542
11922.927
12166.579
12064.562
11899.250
11585.196
11143.466
10585.030
10242.627
10072.835
10109.468
10402.923
10561.575
11100.014
11657.863
12278.791
12543.652
12709.370
12574.402
12503.460
12320.956
12171.005
12051.035
11699.306
11585.276
11586.087
11972.072
12272.104
12744.308
13195.370
13773.494
13983.725
13869.302
14003.060
13752.761
13585.260
12893.736
12688.753
12276.126
12045.051
11997.823
12117.932
11953.737
12334.985
12632.501
12943.723
13136.277
