3555.818
4699.571
5298.380
5650.151
5501.343
5459.718
5242.648
5068.979
4871.787
4679.879
4561.948
4343.212
4293.961
4188.535
4025.030
4040.714
4161.180
4404.823
4733.305
5035.061
5245.431
5617.778
5961.445
6053.962
6101.878
6147.612
6132.198
6031.207
6049.851
6016.415
6123.264
6215.659
6656.208
6987.737
7374.699
7912.781
8420.372
8850.770
8830.601
9227.899
8996.303
8889.744
8661.663
8391.002
8101.131
7784.745
7722.667
7849.454
8011.463
8283.307
8698.680
9101.792
9662.713
9882.454
9703.402
9348.349
8910.729
8648.569
8087.629
7697.562
7427.533
7210.574
6982.117
6943.890
7254.999
7643.102
8243.614
8648.358
8993.951
9696.116
10098.984
10626.079
10449.312
10207.870
9857.380
9427.009
9159.034
8962.493
8667.727
8415.346
8345.532
8503.830
8479.670
8481.990
8676.491
8662.564
8761.053
8918.845
8827.101
9091.886
9232.635
8945.910
8708.868
8389.193
8355.806
7994.292
7705.747
7157.821
6709.411
6356.600
5903.792
5668.167
5642.769
5335.062
5113.985
4752.782
4670.049
4417.522
4205.854
4014.574
3861.041
3618.602
3429.412
3326.545
3268.257
3188.008
3077.689
3000.407
2852.589
2821.147
2757.373
