1597.971
1624.432
1629.919
1597.558
1556.863
1520.565
1470.907
1409.764
1376.022
1341.796
1323.066
1307.188
1313.793
1348.258
1407.442
1448.326
1498.129
1525.974
1539.656
1536.590
1519.492
1499.742
1480.053
1460.713
1468.807
1497.458
1540.011
1579.983
1616.230
1631.310
1623.745
1589.693
1554.101
1517.136
1482.021
1473.711
1491.743
1534.994
1598.657
1661.940
1721.949
1743.336
1735.224
1697.715
1644.981
1589.229
1550.474
1537.142
1550.960
1597.104
1677.604
1745.004
1799.313
1827.168
1838.740
1811.258
1761.498
1706.905
1671.397
1651.908
1645.080
1680.128
1734.079
1794.151
1851.479
1898.673
1919.340
1910.030
1878.562
1863.554
1841.487
1823.537
1807.092
1815.133
1839.762
1869.604
1925.562
1972.837
2007.686
2024.370
2041.309
2037.899
2048.380
2016.098
2006.070
1994.096
1973.176
1976.451
2001.361
2044.123
2089.790
2130.856
2188.931
2217.350
2236.716
2226.753
2205.628
2180.615
2160.175
2147.637
2139.663
2175.828
2200.171
2244.465
2311.972
2365.646
2386.860
2375.769
2354.906
2320.527
2267.177
2226.034
