10181.281
12098.492
13392.381
13284.733
13143.751
12627.425
11861.268
11016.252
10219.322
9420.306
8808.871
8189.331
7645.463
7189.086
6891.538
6539.733
6305.633
6106.699
6052.278
6149.197
6337.057
6636.007
6981.207
7203.827
7344.381
7404.086
7363.683
7314.006
7197.126
7240.434
7267.211
7431.237
7644.494
8022.210
8495.562
9060.823
9483.458
9854.642
9837.806
9971.878
9706.139
9547.823
9257.280
8992.393
8767.527
8630.019
8552.925
8549.101
8795.070
9065.277
9443.672
9725.627
10096.853
10164.299
10055.289
9890.396
9593.470
9371.478
8882.014
8577.570
8305.582
8178.249
8044.798
8036.429
8051.953
8248.583
8375.996
8644.329
8850.087
8786.133
8840.209
8703.234
8414.979
8229.877
8008.712
7813.021
7659.339
7548.198
7390.646
7226.079
7246.285
7323.883
7436.627
7400.595
7350.991
7447.988
7416.384
7413.630
7524.928
7398.519
7318.216
7209.208
6884.346
6802.557
6904.645
6941.907
6893.930
6779.995
6786.075
6753.569
6736.746
6628.947
6664.882
6670.287
6715.617
6698.572
6557.799
6579.873
6542.165
6528.188
6385.374
6465.182
6423.790
6213.122
6178.692
5874.587
5973.635
6090.227
5871.144
6199.715
6127.395
