1074.911
1109.962
1113.089
1084.346
1096.693
1058.639
1050.476
1003.365
971.060
945.454
939.500
945.318
957.114
983.732
1025.281
1070.584
1104.608
1136.147
1130.419
1121.304
1109.371
1095.731
1076.462
1086.114
1105.491
1136.565
1163.348
1198.017
1226.571
1228.413
1209.896
1204.269
1178.275
1147.477
1126.021
1127.233
1139.628
1158.416
1222.201
1275.190
1343.447
1368.409
1397.320
1385.548
1371.724
1346.148
1338.035
1309.506
1314.404
1329.898
1368.883
1432.226
1498.894
1565.484
1604.482
1605.508
1608.486
1604.989
1572.996
1526.519
1507.752
1495.834
1488.367
1502.887
1553.092
1579.289
1618.012
1676.520
1718.704
1737.160
1769.795
1774.684
1754.289
1738.575
1716.323
1707.174
1701.200
1699.746
1729.364
1780.041
1841.645
1900.950
1929.354
1966.003
1989.544
2012.132
1996.838
1957.145
1938.134
1941.717
1949.842
1970.387
1993.293
2003.940
2006.872
2008.953
2008.793
1975.908
1938.976
1910.400
1888.534
1885.661
1866.866
1876.511
1883.468
1879.201
1863.304
1842.253
1817.563
1763.420
1714.910
1681.149
