11067.422 9498.767 14516.073 11908.730
10943.602 9379.826 14116.988 11681.271
10600.658 9103.511 13927.605 11403.941
10339.396 8919.570 13784.555 10987.643
10042.350 8684.671 13520.840 11051.529
9865.912 8460.854 13346.881 10722.250
9542.645 8212.342 13147.143 10400.716
9410.463 7889.160 12800.440 10179.720
9285.333 7798.687 12675.293 10070.908
9201.334 7646.628 12577.943 10051.397
9152.191 7578.046 12390.938 10128.384
9220.582 7599.021 12408.710 10084.147
9237.465 7615.324 12459.877 10077.397
9176.833 7552.879 12490.593 10137.229
9338.812 7607.153 12501.397 10161.431
9388.875 7603.861 12428.786 10349.472
9355.289 7707.822 12506.977 10181.594
9581.764 7711.122 12526.915 10409.154
9513.718 7668.037 12440.397 10364.423
9591.722 7725.931 12336.263 10446.621
9596.147 7816.355 12253.310 10437.038
9647.123 7887.756 12179.470 10506.498
9743.294 7871.716 12218.127 10347.441
9801.980 7860.544 12074.346 10241.221
9742.913 7937.148 12117.415 10274.902
9901.342 7938.924 12111.805 10234.806
9843.128 8015.757 12220.839 10248.755
9911.966 8157.275 12148.039 10264.935
9845.102 8171.581 12195.303 10438.584
9936.133 8272.464 12232.346 10657.567
10021.395 8418.213 12460.713 10638.057
10143.801 8369.957 12662.959 10722.984
9996.316 8462.619 12759.528 10717.537
9996.260 8655.392 12958.953 10767.485
10060.324 8779.213 13159.624 10931.443
9960.963 8888.171 13268.954 10915.785
9960.572 9059.612 13517.518 11008.369
10046.932 9236.188 13694.809 11168.586
10058.695 9264.853 13749.082 11388.812
10054.966 9289.353 13837.341 11606.972
10005.511 9349.334 13869.160 11736.746
10055.169 9343.923 13890.043 12027.890
10059.921 9386.890 13962.280 12018.842
10127.483 9477.778 13879.771 11891.463
10131.246 9424.410 13855.678 11995.799
10140.411 9334.304 13659.251 11703.605
10227.407 9384.950 13634.843 11494.912
10235.958 9331.199 13385.472 11371.965
10101.356 9188.841 13176.454 11224.024
10118.624 9119.816 13032.664 11065.596
10111.328 9084.689 12896.418 10916.197
10050.262 8966.696 12928.523 10924.495
10069.225 8815.856 12866.277 10723.501
10032.499 8813.989 12956.745 10527.809
9966.806 8721.521 12855.348 10336.889
9944.855 8814.838 12942.540 10213.693
9860.045 8919.709 12995.646 10046.015
9827.672 8929.356 13121.302 9846.941
9761.412 8997.322 13340.501 9787.447
9782.250 9176.487 13376.006 9538.383
9800.327 9250.097 13524.997 9623.773
9860.428 9355.396 13733.729 9691.672
10035.432 9478.124 13634.915 9856.751
10007.045 9589.048 13638.430 9714.076
10098.324 9746.954 13658.658 9916.320
10237.432 9861.116 13647.681 10081.219
10204.304 9948.300 13632.581 10386.572
10277.562 9875.213 13644.754 10472.578
10278.413 9924.680 13529.723 10546.618
10263.742 9834.454 13484.713 10563.253
10370.981 9864.361 13462.717 10608.336
10296.661 9724.650 13341.847 10351.312
10233.938 9534.455 13245.272 10305.975
10321.943 9479.728 13029.251 10311.129
10303.177 9326.600 13032.122 10424.918
10302.924 9168.791 12850.760 10099.948
10237.287 9107.044 12942.763 10157.784
10119.419 8969.076 12898.011 10005.359
10117.288 8842.299 12878.560 9932.914
10049.213 8898.235 12948.593 9699.920
10055.225 9005.462 13040.826 9533.750
10147.259 9022.547 13328.786 9490.916
10336.490 9127.651 13499.441 9590.102
10445.731 9309.812 13644.824 9510.750
10486.947 9454.583 13862.961 9675.878
10486.582 9624.486 14005.103 9730.702
10685.586 9871.854 14149.106 9745.902
10653.705 10225.169 14351.612 9760.282
10838.321 10516.046 14447.444 9890.355
10962.036 10718.459 14462.521 9990.454
11031.529 10954.393 14444.266 10022.083
11210.941 10987.202 14626.380 10151.515
11249.170 11206.552 14449.337 10164.625
11358.084 11408.337 14385.164 10254.217
11435.506 11428.464 14294.541 10375.545
11371.489 11335.652 14133.311 10384.415
11388.631 11122.344 13989.731 10314.371
11261.344 11157.849 13937.988 10276.668
11259.669 10985.036 13876.801 10113.696
11135.996 10905.587 13844.640 9916.713
10987.062 10812.792 13892.509 9884.857
11006.964 10674.144 13880.489 9877.318
10945.245 10421.599 13849.921 9556.286
10867.582 10265.288 13788.258 9320.119
10754.209 10331.021 13868.122 9342.740
10495.893 10320.913 14067.220 9329.654
10510.511 10280.026 14131.514 9114.832
10562.725 10298.180 14337.347 9236.212
10643.202 10459.978 14549.537 9118.190
10740.732 10628.729 14804.385 9354.860
10804.998 10833.199 14949.003 9570.595
11097.339 11159.911 15172.211 9589.230
11337.543 11490.630 15489.726 9801.129
11483.236 11747.660 15838.076 9841.948
11839.019 11978.765 16144.743 10174.004
12103.966 12221.746 16066.096 10338.628
12242.542 12472.543 16051.249 10538.893
12319.779 12659.724 16089.793 10644.403
12658.998 12825.097 15845.276 10872.073
12826.888 12844.072 15759.407 11095.922
13119.784 12882.461 15836.318 11453.711
13158.702 12883.199 15720.067 11714.420
13120.445 12887.253 15733.082 11936.193
13099.213 12983.227 15734.459 11978.792
12981.951 12919.588 15626.229 12260.728
12882.494 12803.059 15497.396 12125.263
12818.736 12729.390 15252.098 12244.536
12773.992 12675.203 15239.672 12245.403
12985.437 12637.334 15389.713 12094.358
12674.355 12392.429 15360.461 12117.853
12426.573 12344.593 15404.384 11946.646
12580.021 12345.204 15516.811 12012.420
12620.232 12237.189 15663.832 12069.356
12552.358 12268.074 15890.957 11840.542
12472.178 12283.454 16174.724 11872.848
12484.896 12384.796 16209.405 11764.610
12442.422 12423.699 16422.430 11750.282
12397.032 12618.729 16552.664 11782.647
12479.563 12836.731 16693.426 11684.882
12703.653 12966.028 16750.541 11887.271
12704.021 13433.439 16875.020 12082.821
12832.081 13530.009 16994.398 12487.076
13119.059 13708.158 16993.045 12464.492
13304.093 13950.227 16948.396 12655.483
13505.618 14042.127 16929.197 12897.354
13701.768 14155.378 16924.109 13138.657
13728.562 14299.092 16664.840 13541.634
13920.757 14368.744 16573.477 13951.315
14027.560 14385.468 16313.196 14251.979
14002.688 14432.905 16193.059 14381.997
14142.850 14323.858 16105.322 14636.380
14087.740 14259.204 16021.873 14743.081
14000.856 14205.923 15776.054 14706.238
13880.221 14163.282 15731.563 14574.729
13948.214 14007.626 15948.496 14352.447
13881.593 13839.833 15906.059 14098.329
13735.655 13969.535 16144.518 13745.751
13585.052 13747.632 16387.469 13537.541
13445.305 13735.731 16766.518 13406.028
13191.434 13516.966 16798.027 13326.036
13050.307 13653.765 17151.221 13053.581
12974.027 13577.649 17367.465 12960.674
12666.605 13607.029 17448.021 12720.064
12719.177 13733.911 17599.947 12751.513
12823.538 13864.775 17769.543 12779.745
12939.769 14030.450 17771.547 13066.167
12942.629 14184.380 17928.494 12927.840
13052.104 14457.195 18008.012 12996.265
13165.896 14534.499 17988.365 12996.217
13241.402 14585.735 17791.645 13238.978
13238.488 14671.399 17931.627 13339.301
13365.930 14814.815 17885.752 13295.517
13611.221 14840.796 17715.822 13722.583
13616.145 14741.525 17553.441 14070.447
13697.459 14640.623 17232.576 13921.656
13832.064 14662.928 17069.906 14051.057
13876.315 14394.554 16935.512 14224.069
14003.558 14428.467 16835.113 14482.229
14174.612 14413.949 16883.721 14677.297
14119.547 14246.057 16733.174 14709.646
14077.980 14190.186 16665.018 14330.114
13797.134 13903.399 16644.842 13926.254
13746.332 13962.154 16739.303 13563.577
13432.985 13798.220 17106.918 13788.290
13297.826 13865.026 17302.373 13810.457
13194.354 13769.136 17501.572 13632.092
13110.560 13953.944 17697.668 13315.791
12762.499 13936.205 17814.145 13131.546
12703.903 14167.524 18003.432 13144.768
12643.936 14315.187 18274.035 13076.574
12566.974 14366.974 18293.373 12924.472
12371.796 14497.861 18267.127 12855.982
12416.224 14686.517 18258.689 12724.785
12499.651 14869.539 18269.447 12475.736
12304.795 14978.079 18364.598 12261.082
12395.729 14965.593 18106.230 12515.707
12365.602 15069.919 17956.889 12696.087
12304.692 15119.886 17824.773 12743.731
12354.412 15211.944 17581.506 12576.507
12387.666 15063.562 17617.961 12701.420
12508.810 15082.100 17591.707 12764.731
12528.084 14994.611 17259.762 13250.817
12458.380 14847.923 17071.465 13167.197
12380.882 14790.366 17086.189 13092.663
12316.137 14804.901 16878.104 13085.830
12081.494 14694.771 16809.092 13019.139
12010.264 14647.749 16902.053 13179.996
11910.141 14434.542 17049.658 12911.968
11766.993 14391.539 17136.131 12783.479
11696.507 14319.762 17196.742 12418.196
