13929.885 14701.035
13990.912 14202.583
13669.360 13828.377
13466.658 13238.532
13011.086 12784.402
12603.564 12563.184
12084.338 12497.225
11414.971 12424.981
11164.782 11998.003
10887.177 12265.620
10494.371 11762.600
9755.539 11615.335
9510.886 11327.117
9144.492 10720.921
8780.966 10388.666
8594.317 10076.727
8272.440 9954.961
7979.340 9242.302
7539.708 9115.943
7422.679 9044.529
7413.881 8815.385
7387.951 8523.128
7166.310 8324.146
7208.478 8249.033
7207.536 8158.933
7350.292 8092.967
7503.836 8108.637
7512.404 8197.273
7751.103 8145.370
8082.342 8097.865
8297.835 8161.085
8642.553 8255.898
8758.995 8197.535
8984.854 8111.206
9063.506 8156.512
9060.027 8296.990
9186.659 8370.219
9278.550 8346.594
9327.553 8415.949
9336.367 8363.111
9205.304 8499.139
9163.178 8598.975
9094.075 8397.782
9080.474 8650.112
9300.964 8656.749
9437.318 8886.109
9383.472 8932.962
9499.349 9108.821
9628.154 9390.459
9835.997 9633.613
10134.058 9986.636
10434.505 10049.022
10709.479 10268.345
10815.650 10453.737
11000.854 10516.406
11221.125 10643.476
11337.896 10831.338
11647.609 10779.370
11584.937 10899.341
11502.895 10808.450
11601.480 10812.668
11608.691 10671.062
11534.187 10659.234
11502.428 10602.266
11530.762 10516.919
11176.701 10326.602
11245.785 10443.763
11016.097 10442.853
11042.100 10311.415
11010.420 10388.525
10779.184 10512.517
10933.299 10562.669
10978.683 10570.565
10945.284 10704.959
10945.022 10751.542
11167.856 10831.353
11729.440 10895.141
12014.144 11216.641
12321.768 11638.848
12474.206 11868.425
12979.058 12043.553
13300.990 12041.904
13313.701 11841.537
13137.343 11737.352
13158.419 11553.550
13267.199 11553.229
13027.895 11258.087
12593.470 11053.468
12500.563 10961.740
12272.178 10766.883
12037.810 10611.254
11887.001 10611.633
11877.260 10449.595
11698.623 10338.188
11318.413 10205.910
11185.792 10401.583
10834.169 10663.486
10539.187 10716.371
10604.261 10817.417
10342.672 11057.286
10663.843 11356.666
11167.753 11553.101
11489.997 11695.929
11805.432 11770.153
12349.916 11878.593
12788.261 11941.458
13105.360 11866.846
13604.070 11904.683
13957.571 11640.565
14074.087 11422.974
14226.137 11505.555
13972.978 11291.934
13851.918 10982.661
13694.508 10792.843
13619.141 10651.523
13622.456 10353.961
13414.682 10246.219
13080.977 10368.782
12741.691 10145.845
12468.965 10135.804
12184.183 9970.608
12008.150 9767.372
11840.969 9620.188
11516.109 9870.533
11668.576 9918.064
11905.817 10367.902
11826.909 10747.020
12213.984 11030.626
12472.021 11530.513
12493.889 11930.832
12957.147 12299.663
13398.434 12571.335
13586.627 12895.389
13816.563 13278.853
14027.871 13411.374
14246.325 13563.074
14889.566 13310.342
14993.837 13392.096
14585.460 13202.082
14537.046 12915.652
14093.007 12778.412
14142.477 12735.413
14193.471 12417.915
14062.590 12154.092
14008.046 11857.157
13782.583 11781.914
13676.422 11658.667
13715.072 11505.666
13387.108 11350.629
12898.242 11383.026
12629.518 11353.367
12597.505 11548.698
12322.436 11610.381
12202.761 12033.234
12520.311 12306.957
12585.755 12780.846
12639.797 12934.479
12747.868 13657.378
13158.139 14027.058
13416.472 14552.707
13621.528 14819.604
14032.448 14911.789
14291.204 15351.678
14748.449 15351.492
15163.562 15306.414
15414.485 15306.799
15618.760 15307.524
15322.177 14775.186
15130.230 14488.072
15327.104 14347.894
15387.274 14016.004
15401.330 14026.370
15250.958 13597.701
15160.203 13030.258
14750.786 12774.253
14635.641 12764.305
14218.759 12479.312
13973.750 12462.598
13874.894 12363.649
13651.885 12359.656
13658.314 12418.600
13703.629 12586.950
13863.742 12786.384
13832.885 13228.436
13851.628 13458.731
14004.045 14269.958
14247.690 14456.608
14380.737 14958.633
14677.124 15202.565
15118.364 15434.482
15305.487 15833.987
15446.353 15947.717
15437.570 15888.172
15474.175 16190.156
15458.605 16260.397
15245.843 16202.919
14771.214 16345.652
14583.404 16298.538
14754.658 15803.782
14879.229 15747.167
