4804.368
5930.242
7311.934
8356.752
8325.355
7997.032
7672.354
7375.329
6864.902
6388.883
6080.229
5768.943
5376.219
5027.014
4592.200
4336.159
4128.890
4035.484
3882.900
3839.733
3743.542
3698.504
3695.901
3751.377
3956.060
3973.533
4051.382
4156.967
4202.691
4375.409
4421.982
4568.018
4703.623
4731.275
4845.280
5078.323
5274.161
5493.180
5701.862
5775.195
5885.405
5911.390
5734.217
5683.993
5588.016
5508.101
5444.845
5457.755
5475.817
5661.791
5639.514
5669.896
5862.708
5872.871
5819.861
5736.331
5573.091
5441.529
5360.559
5076.973
4888.611
4750.232
4632.915
4576.446
4606.179
4643.450
4608.964
4555.687
4574.238
4589.442
4483.201
4360.643
4249.453
4022.480
3966.357
3848.240
3760.306
3715.740
3624.931
3583.865
3469.558
3477.834
3577.855
3519.261
3513.242
3474.336
3357.648
3314.660
3206.534
3183.920
3089.787
3070.400
3053.749
2996.966
2950.058
2932.794
2894.094
2825.071
2803.804
2734.430
2730.632
2704.279
2694.120
2706.713
2707.355
2631.581
2582.671
2610.833
2577.777
2568.876
2550.801
2565.340
2519.232
2538.977
2554.541
2540.543
2524.912
2523.912
2540.452
2498.693
2537.611
