9852.982 11875.234 10652.504 11537.673 10476.782
9849.354 11834.475 10594.843 11323.520 10221.766
9655.227 11597.946 10510.566 11081.473 10150.680
9411.693 11257.109 10083.615 10801.229 9927.526
9144.315 10791.530 9623.240 10428.187 9518.373
8936.887 10539.078 9414.486 10235.396 9209.699
8643.516 10274.539 9144.541 9855.690 8882.618
8534.098 10078.384 8934.804 9611.738 8676.691
8361.341 9876.265 8700.339 9327.827 8465.569
8171.291 9641.034 8516.468 9115.540 8288.826
8036.838 9499.376 8387.511 8984.825 8199.228
7856.301 9336.270 8159.686 8752.453 8006.367
7750.896 9103.869 8056.158 8593.102 7847.943
7637.632 8973.071 7970.675 8452.849 7746.891
7607.792 8871.969 7976.131 8461.201 7773.310
7528.735 8776.821 7943.809 8331.752 7762.830
7483.885 8747.779 7949.104 8245.077 7739.502
7401.611 8740.103 7936.581 8150.786 7718.850
7348.416 8744.691 7948.860 8032.649 7743.385
7251.195 8670.773 7944.453 7925.547 7723.928
7134.360 8661.670 7921.983 7832.239 7720.833
7069.883 8612.099 7911.785 7715.908 7731.541
7063.236 8681.546 7926.552 7693.500 7762.035
7099.530 8680.893 8063.049 7629.396 7834.404
7154.800 8675.008 8230.416 7667.685 7948.612
7194.144 8778.275 8351.152 7699.098 8067.089
7279.827 8877.924 8624.986 7751.054 8232.122
7424.887 9003.614 8881.154 7884.607 8424.410
7606.171 9135.551 9193.506 8009.377 8613.450
7862.599 9365.453 9485.934 8203.473 8834.127
7947.845 9532.716 9724.977 8419.833 9029.592
8221.929 9720.005 10018.303 8692.783 9235.991
8455.036 9876.957 10367.957 8902.768 9448.883
8652.167 9985.890 10728.564 9152.556 9656.419
8819.362 10107.782 11029.551 9378.580 9837.741
9022.801 10364.224 11307.569 9626.712 10061.153
9228.104 10553.905 11583.434 9816.401 10220.585
9351.834 10615.178 11860.077 9977.903 10298.888
9484.698 10858.121 12111.813 10171.039 10515.991
9570.020 10971.961 12297.082 10273.432 10609.854
9737.082 11132.517 12420.425 10395.143 10645.875
9843.124 11307.773 12608.943 10621.017 10843.446
9895.562 11315.303 12755.757 10716.636 10903.712
9975.257 11387.737 12844.389 10906.787 10980.952
10020.096 11516.134 12989.878 11133.005 11037.043
10047.841 11641.493 12974.304 11349.582 11207.695
10111.591 11728.968 13139.873 11749.966 11384.020
10180.899 11820.165 13276.524 11960.390 11554.489
10183.891 11897.633 13414.000 12351.264 11772.639
10203.790 12008.107 13530.232 12650.550 11914.266
10215.884 12088.142 13683.214 12884.074 12118.841
10286.003 12197.805 13862.388 13224.269 12458.136
10467.665 12401.785 14130.734 13561.020 12787.993
10588.564 12558.826 14372.435 13892.893 13137.408
10696.006 12748.260 14594.120 14165.950 13366.328
10915.259 12944.174 14930.751 14623.481 13587.882
11169.543 13145.833 15289.495 14995.878 13913.053
11382.476 13326.167 15695.546 15305.942 14086.438
11665.606 13534.878 15939.866 15713.000 14346.337
11951.321 13751.319 16113.393 16122.747 14579.938
12198.858 14035.357 16571.615 16470.975 14858.984
12531.327 14239.913 16941.857 16943.451 15038.632
12800.977 14350.396 17158.902 17192.586 15109.744
12984.014 14449.519 17447.092 17517.473 15273.758
13115.879 14520.604 17655.396 17668.459 15229.127
13273.938 14620.069 17707.129 17822.697 15111.360
13353.618 14633.400 17760.975 17918.219 15154.466
13250.348 14616.736 17746.002 17793.279 15065.622
13215.232 14584.612 17725.225 17850.711 14916.208
13239.758 14633.168 17601.988 17817.703 14730.517
13092.306 14657.723 17388.061 17695.662 14633.283
13057.982 14621.562 17190.270 17659.566 14578.486
12952.680 14553.091 16916.928 17480.986 14427.448
12913.626 14573.329 16753.703 17407.084 14344.699
12782.948 14433.497 16624.693 17229.361 14151.812
12558.865 14360.905 16320.689 17133.352 14014.129
12525.740 14354.393 16257.093 17074.043 13953.431
12429.673 14291.289 16128.131 16981.896 13882.866
12344.730 14279.736 16018.820 16890.297 13825.011
12226.974 14327.991 16193.136 16843.113 13758.270
12251.445 14365.442 16249.757 16734.984 13830.542
12298.718 14606.860 16510.869 16816.713 13940.852
12295.407 14760.480 16786.369 16836.223 14163.806
12430.226 14822.219 17240.223 16981.682 14380.723
12638.920 15053.449 17576.611 17080.910 14546.245
12923.704 15187.787 18119.697 17385.730 14852.636
13328.229 15521.104 18624.303 17619.016 15145.704
13703.045 15774.860 19100.045 17945.992 15395.895
14085.469 15961.403 19485.703 18320.037 15681.752
14495.344 16121.983 20000.520 18670.965 15848.594
14739.180 16265.766 20234.162 18935.043 15906.346
15204.891 16515.623 20529.400 19210.752 16092.629
15510.110 16633.299 20755.871 19345.420 16052.250
15746.650 16718.812 20916.680 19586.424 16142.280
15927.439 16802.549 20879.738 19637.697 16028.684
16136.269 16877.703 20872.141 19762.543 16001.124
16292.404 16950.566 20795.455 19802.217 15821.495
16527.691 16950.318 20642.613 19765.734 15669.090
16599.727 17012.049 20440.406 19595.074 15441.977
16804.709 17027.482 20306.867 19513.412 15344.746
16810.422 16939.936 19909.662 19429.951 15245.189
16706.766 16890.068 19569.205 19211.750 15046.532
16594.867 16816.678 19362.332 19050.822 14880.217
16427.678 16726.713 18968.770 18769.939 14697.002
16295.877 16698.064 18736.287 18521.525 14523.181
16172.689 16908.588 18499.873 18359.006 14531.293
15924.423 17020.256 18352.297 18147.619 14526.735
15680.825 17018.980 18317.998 17879.377 14532.863
15462.929 17069.721 18390.145 17711.625 14640.319
15409.007 17195.590 18696.717 17685.057 14918.641
15321.656 17331.334 18920.701 17640.494 15106.481
15241.652 17517.707 19342.193 17663.707 15415.785
15311.390 17744.455 19660.158 17827.859 15767.553
15352.102 17943.363 20105.768 17997.652 16050.129
15471.639 18260.445 20711.854 18249.719 16415.336
15718.442 18549.668 21413.650 18717.682 16776.045
15967.877 18836.420 21929.363 19048.088 17163.117
16363.780 19104.475 22525.262 19585.768 17381.604
16734.873 19302.928 22985.074 19923.902 17560.920
17084.098 19573.027 23475.055 20393.613 17853.412
17583.836 19688.666 23783.982 20911.914 17950.904
18066.461 19948.904 23942.248 21357.520 18036.389
18464.055 20016.549 24122.383 21682.867 18042.221
18900.133 20158.287 24117.070 22057.139 18094.037
19370.062 20212.746 24234.691 22323.391 18088.998
19699.629 20243.082 24018.986 22548.359 17984.662
19912.406 20435.416 23921.895 22689.996 17914.426
19952.617 20227.301 23548.182 22651.904 17743.896
20110.779 20281.893 23216.275 22595.896 17500.742
20178.215 20245.146 22905.777 22499.422 17265.846
20202.744 20179.426 22601.070 22352.971 17258.895
20138.908 20103.809 22073.150 22123.283 17106.348
19931.340 19991.670 21603.072 21871.992 16940.240
19877.848 19919.891 21365.342 21665.121 16957.387
19499.189 19677.232 20892.691 21266.955 16761.336
19241.406 19721.281 20688.266 21028.410 16694.252
18927.398 19647.215 20581.615 20677.498 16554.842
18660.953 19665.605 20539.424 20455.227 16601.635
18461.949 19703.951 20502.541 20253.570 16570.686
18219.814 19700.840 20525.207 20165.984 16544.838
17763.424 19665.658 20744.334 20098.557 16824.121
17493.027 19897.102 21067.723 20023.613 16910.414
17358.516 19908.223 21492.430 20190.344 17410.955
17161.650 20035.350 21932.758 20264.945 17548.225
17011.775 19990.850 22492.486 20336.734 17744.666
16994.746 20162.246 23097.926 20601.725 18028.543
17013.420 20226.117 23653.934 20936.080 18309.289
17200.609 20239.482 24182.646 21381.893 18700.385
17344.445 20409.746 24604.662 21775.541 18792.846
17561.656 20579.508 25259.922 22194.697 19095.883
17790.938 20578.551 25582.857 22598.494 19157.279
18258.213 20773.078 25892.518 23041.705 19123.514
18668.791 20847.672 26101.293 23566.406 19148.914
19172.641 21032.752 26191.787 23990.895 18945.572
19614.018 21162.184 26268.514 24397.643 18948.947
20063.100 21236.447 26108.670 24580.320 18825.842
20452.326 21249.895 25917.793 24789.320 18683.891
20711.268 21286.348 25655.195 24767.336 18365.006
20926.869 21285.154 25334.859 24785.451 18005.252
21065.342 21139.562 25104.039 24902.438 17683.900
21182.562 21198.787 24684.637 24925.389 17609.711
21380.869 21149.498 24309.703 24818.629 17286.596
21480.615 21238.510 24046.744 24810.207 17078.693
21605.404 21343.756 23565.727 24585.615 16752.303
21627.979 21283.852 23213.848 24412.801 16580.814
21653.227 21211.221 22972.146 24203.586 16342.393
21469.383 21095.453 22502.918 23856.523 16259.960
21450.000 21020.303 22280.895 23808.105 16256.632
21469.652 20900.668 22014.369 23540.186 16217.256
21264.385 20879.320 22177.674 23426.852 16273.535
20939.836 20744.809 22181.447 23229.141 16166.080
20582.092 20613.836 22404.430 23124.762 16323.492
20416.250 20575.842 22505.328 23064.572 16314.732
20292.945 20356.135 22843.590 23076.352 16513.883
20155.969 20178.812 23042.014 23110.254 16583.537
19972.574 19972.479 23384.266 23139.959 16727.158
19739.457 19874.094 23784.879 23024.766 16922.799
19560.318 19755.457 24091.469 23101.502 16988.674
19404.404 19814.467 24436.795 23222.818 17112.072
19309.920 19847.916 24998.861 23464.773 17344.684
19321.840 19687.088 25318.531 23727.748 17517.031
19271.861 19714.533 25451.566 23884.824 17518.131
19260.172 19721.025 25695.352 24117.594 17669.842
19206.840 19528.025 25902.805 24141.568 17837.717
19144.055 19446.518 25996.062 24224.627 17858.197
19071.656 19339.689 26043.320 24127.723 17919.043
19068.184 19229.219 26115.117 24191.961 17919.344
19183.939 19083.514 25887.920 24161.453 17813.264
19240.662 18943.150 25829.336 24115.889 17800.783
19186.090 18705.482 25546.693 23846.301 17559.373
19357.389 18648.205 25271.918 23791.006 17538.604
19360.668 18462.012 25111.336 23551.619 17384.373
19471.725 18329.889 24841.617 23338.109 17190.449
19475.959 18157.971 24275.537 23081.859 16942.537
19658.529 18059.145 24077.482 23140.627 16924.398
19548.045 17862.316 23692.508 22873.695 16668.191
19634.186 17786.238 23484.406 22744.701 16544.342
19515.684 17484.014 23196.541 22593.271 16339.198
19335.594 17305.162 22908.857 22411.420 16355.001
19217.104 17182.678 22605.412 22251.180 16261.513
