11535.521 12932.718 12227.043 8939.614
11738.753 12748.979 12107.639 9019.940
11796.810 12645.909 11984.501 9017.126
11680.538 12430.396 11669.626 8913.775
11630.891 12076.362 11503.044 8904.218
11517.646 11857.071 11340.216 8696.429
11277.858 11422.139 11098.380 8603.861
11104.664 11255.899 10914.259 8324.935
10970.312 10917.125 10654.098 8044.604
10866.126 10760.348 10440.680 7827.270
10643.241 10489.617 10321.229 7609.420
10523.286 10370.795 9989.311 7515.872
10107.957 10146.088 9849.749 7420.274
10063.930 9899.581 9800.419 7379.299
10019.730 9664.587 9658.589 7206.924
9966.073 9519.258 9512.885 7092.471
9965.590 9370.354 9335.865 7080.154
10135.921 9323.770 9335.575 6989.401
10067.827 9195.176 9175.841 6793.567
10002.875 9183.769 9205.130 6809.325
10106.377 8996.236 9172.717 6802.507
10030.888 8874.719 9148.881 6821.858
9967.067 8838.012 9115.021 6871.854
10059.975 8834.151 9154.971 6929.504
10150.162 8934.727 9175.531 7014.509
10052.914 8942.808 9074.422 7064.679
10139.442 8988.878 9049.213 7029.443
10311.460 8981.955 9075.939 6946.270
10236.856 9030.952 9178.350 7034.524
10278.563 9059.763 9234.062 7049.684
10471.241 9268.778 9329.469 6968.625
10608.900 9370.331 9448.688 7040.437
10855.010 9613.495 9517.039 7089.841
11288.019 9820.106 9617.800 7139.941
11578.608 10001.075 9707.924 7197.022
11858.405 10144.617 9700.214 7286.812
12194.867 10507.549 9868.256 7440.028
12510.425 10761.222 9930.794 7492.260
12614.513 10960.110 9959.667 7562.319
12846.530 11033.273 10128.802 7653.965
13077.068 11125.161 10133.841 7713.615
13347.511 11335.433 10233.564 7847.964
13474.475 11263.055 10327.519 7899.800
13632.712 11539.170 10357.297 7986.050
13823.102 11675.484 10419.980 8044.521
13956.232 11726.534 10519.540 8085.188
14112.043 11865.825 10600.953 8089.022
14231.417 11872.377 10740.043 8096.989
14378.244 11900.118 10764.475 8196.879
14484.577 11969.370 10846.348 8369.386
14673.609 11958.922 10862.975 8493.958
14811.536 12088.492 10884.357 8545.042
14923.083 12120.521 11070.146 8648.283
14950.435 12337.026 11191.493 8807.731
14982.304 12393.379 11342.634 8903.404
15322.498 12436.978 11353.328 9024.615
15432.916 12485.849 11293.465 9154.733
15632.074 12564.738 11459.843 9201.818
15870.262 12776.858 11455.749 9264.725
16124.491 12850.522 11507.922 9397.009
16592.211 13154.633 11647.858 9516.467
16991.729 13366.145 11896.417 9750.420
17391.543 13511.411 11899.535 9810.481
17858.443 13703.724 12006.183 9885.456
18094.873 13929.329 12074.294 9910.247
18440.227 14047.853 12104.644 10019.604
18727.742 14144.612 12349.245 10034.313
18943.203 14321.837 12511.798 10024.343
19101.477 14270.861 12611.568 9861.795
19253.512 14331.817 12689.791 9771.268
19255.801 14377.523 12616.400 9727.638
19257.270 14473.827 12536.688 9657.053
19109.838 14610.945 12411.757 9625.698
18788.660 14502.690 12378.767 9564.823
18678.887 14434.931 12463.645 9489.362
18402.795 14342.975 12519.137 9324.003
18305.000 14276.291 12529.279 9368.531
18026.365 14218.354 12436.321 9223.062
17812.660 14051.958 12361.109 9143.403
17565.859 14080.125 12344.743 9142.595
17274.711 13872.288 12349.431 9090.854
16923.977 13723.356 12124.859 8982.082
16641.959 13710.697 12053.019 9154.603
16366.853 13678.025 11991.781 9208.845
16380.138 13771.695 12095.560 9394.341
16368.879 13843.735 12079.199 9540.305
16375.365 13919.489 12142.755 9677.663
16522.986 14050.251 12278.620 9771.345
16712.031 14336.678 12569.527 9896.487
17121.857 14470.275 12756.214 9905.380
17563.359 14732.071 12950.178 10004.326
18100.709 14946.636 13294.729 10180.718
18775.898 15256.659 13583.682 10250.161
19467.027 15593.165 13855.532 10229.046
20171.029 15743.951 14130.995 10259.922
20799.316 16022.549 14120.526 10196.455
21436.771 16210.861 14259.136 10204.168
21724.080 16107.364 14492.093 10149.440
21877.062 16139.424 14657.296 10078.362
22233.848 16058.351 14735.047 9977.724
22305.354 15926.804 14584.623 9961.729
22081.979 15851.258 14448.450 9887.363
22031.520 15834.345 14331.661 9972.633
21916.055 15763.035 14211.187 9955.777
21592.533 15595.029 14125.678 9914.632
21346.398 15465.215 13879.269 9740.465
20907.697 15218.462 13859.115 9728.901
20598.605 15029.143 13604.786 9666.969
20189.867 14915.539 13384.666 9759.407
19750.209 14730.933 13237.171 9749.492
19294.998 14645.113 13005.081 9857.881
18871.227 14556.638 12903.634 9904.367
18433.154 14360.497 12595.790 9966.857
18226.600 14411.047 12609.357 10097.860
17857.859 14358.658 12433.860 10157.734
17826.609 14455.528 12243.269 10338.166
17790.332 14702.612 12239.817 10422.051
17731.988 14946.485 12070.208 10578.616
17823.105 15083.126 12055.103 10588.721
18206.451 15392.245 12164.293 10680.531
18490.082 15603.736 12250.410 10716.513
19109.135 16064.861 12422.185 10683.537
19590.018 16223.206 12498.580 10692.609
20069.568 16371.544 12733.604 10660.014
20560.643 16710.273 13040.399 10794.509
21116.414 16701.229 13340.927 10823.489
21633.242 16872.596 13434.749 10770.634
21979.678 17022.688 13612.535 10591.141
22278.215 17192.580 13734.542 10582.584
22439.625 17096.822 13814.958 10304.299
22508.453 17112.605 13864.695 10303.835
22510.418 17056.994 13820.593 10266.821
22658.902 16937.070 13914.190 10229.408
22552.861 16899.273 13827.758 10011.830
22361.023 16825.391 13681.528 9903.689
22156.443 16548.984 13538.129 9808.706
21767.428 16321.910 13525.646 9618.233
21469.969 16268.594 13396.418 9561.304
21129.014 15894.019 13168.667 9469.124
20811.820 15419.892 13218.697 9453.089
20531.697 15437.156 13089.932 9421.812
20200.490 15323.479 12933.997 9487.113
19683.174 15141.251 12684.599 9457.537
19281.711 14998.510 12462.441 9529.541
19047.369 14975.645 12164.740 9478.458
18706.164 14853.682 11809.562 9593.872
18528.709 14715.911 11793.475 9657.810
18395.102 14782.178 11561.002 9739.640
18274.621 14976.857 11333.064 9884.315
18274.486 15064.447 11174.980 10036.249
18397.432 15173.330 10961.621 10141.829
18500.891 15213.643 10942.127 10244.427
18818.832 15323.571 10803.228 10208.612
19036.029 15311.750 10861.640 10285.004
19504.158 15242.465 10960.695 10296.201
19974.494 15044.441 11003.452 10309.132
20488.125 14942.270 11043.673 10195.603
21093.240 14783.681 11070.289 10080.767
21556.633 14749.701 11064.294 9868.300
21994.930 14476.100 11077.965 9917.955
22250.771 14433.667 11109.663 9939.261
22394.555 14040.235 11054.893 9862.249
22474.404 13955.765 11151.203 9718.789
22349.244 13685.120 11162.204 9596.307
22344.762 13426.227 11159.236 9514.004
22016.430 13110.999 11022.013 9429.457
21917.469 12855.674 11075.040 9350.899
21829.307 12627.044 10976.205 9043.468
21771.428 12425.823 10993.651 8959.681
21590.090 12176.511 10948.717 8925.195
21637.033 11940.606 10998.213 8871.002
21295.674 11742.438 10954.601 8962.988
20880.609 11466.960 10874.786 8882.737
20698.695 11315.119 10884.996 8843.034
20488.068 11023.235 10803.249 8799.608
20286.779 10876.819 10753.388 8802.196
20012.709 10662.315 10601.180 8791.777
19942.828 10563.190 10482.729 8732.163
19751.342 10576.877 10413.284 8747.145
19777.492 10562.254 10343.828 8813.105
19900.715 10573.508 10150.188 8699.298
19832.324 10605.078 10055.822 8639.526
19993.262 10673.398 9921.388 8729.089
20210.791 10537.992 9715.384 8717.561
20294.549 10622.549 9609.318 8643.441
20629.781 10769.926 9548.643 8601.229
20776.254 10753.716 9372.042 8613.448
21348.635 10773.673 9373.336 8666.040
21692.898 10839.770 9201.881 8598.817
21847.871 10762.193 9085.038 8620.036
22026.879 10815.747 9105.927 8607.710
22308.555 10921.853 9046.131 8569.311
22024.998 10963.533 8885.614 8447.548
22054.277 10843.262 8780.651 8368.928
21862.561 10863.508 8560.217 8280.807
21846.641 10837.565 8420.490 8274.569
21543.088 10859.501 8503.147 8261.976
21341.822 10629.118 8372.608 8176.295
21000.127 10694.979 8296.459 7985.771
20887.760 10633.922 8282.192 7950.178
