8726.201 8413.037
8611.276 8454.277
8415.911 8271.229
8303.205 7943.375
7926.460 7624.562
7663.957 7471.434
7432.519 7183.998
7239.779 6995.374
7086.463 6816.218
6849.972 6661.049
6693.860 6501.261
6494.845 6370.889
6417.380 6220.964
6299.042 6191.164
6208.127 6170.587
6155.967 6131.146
6080.051 6167.984
6082.528 6203.442
6123.659 6290.196
6135.267 6335.652
6041.373 6320.947
6091.439 6416.406
6123.724 6556.709
6179.526 6586.522
6298.862 6661.881
6418.505 6684.888
6484.710 6991.680
6681.700 7204.883
6899.682 7479.784
7065.914 7703.533
7238.969 7814.801
7427.358 7955.080
7638.583 8086.302
7838.268 8228.725
7983.970 8358.868
8105.381 8476.455
8334.470 8744.938
8369.295 8768.769
8515.998 8858.456
8576.487 8960.513
8614.685 8960.179
8752.612 9030.809
8812.687 9095.465
8928.143 9146.509
8974.140 9255.298
9108.875 9501.995
9213.221 9558.492
9275.050 9671.639
9385.812 9849.188
9463.080 10034.511
9571.659 10139.364
9763.757 10327.491
9949.047 10605.129
10178.650 10922.711
10458.397 11134.579
10716.337 11433.886
11075.412 11712.618
11368.389 12107.003
11660.110 12332.017
11921.784 12511.465
12202.065 12733.330
12364.257 12880.348
12428.248 12929.219
12623.201 12974.125
12674.340 12993.031
12530.856 12910.055
12455.562 12907.425
12399.035 12810.240
12273.178 12678.451
12112.351 12572.388
11865.396 12358.976
11720.533 12251.718
11564.486 12053.163
11486.203 11860.883
11276.594 11753.932
11135.021 11621.251
11012.381 11531.594
10795.479 11364.064
10696.407 11278.719
10671.886 11351.646
10664.758 11448.655
10721.978 11658.405
10881.435 12043.828
10951.163 12297.487
11097.185 12632.884
11289.421 13005.490
11472.382 13400.263
11621.170 13583.484
11796.298 13949.982
11984.435 14103.967
12075.197 14166.328
12147.853 14100.787
12307.132 14130.912
12338.480 14031.237
12360.573 13957.138
12252.856 13883.508
12256.130 13656.980
12193.319 13434.959
12049.866 13249.084
11925.715 13105.989
11801.630 12940.596
11673.418 12744.457
11538.403 12426.534
11335.172 12187.069
11217.295 12145.867
11091.126 12135.271
11034.759 12213.458
10957.431 12185.381
10906.879 12376.453
10956.484 12588.104
10993.306 12930.472
11089.385 13360.475
11299.418 13689.578
11438.061 14066.904
11613.481 14380.739
11808.010 14583.491
12103.333 14915.318
12405.803 15152.227
12653.895 15485.970
12936.553 15758.340
13155.882 15951.646
13352.287 16225.445
13445.914 16429.863
13480.808 16577.125
13465.709 16597.848
13498.034 16765.623
13437.817 16558.869
13390.948 16526.299
13314.733 16539.625
13250.268 16555.105
13096.613 16346.163
12934.105 16088.812
12844.531 16015.351
12596.341 15841.947
12448.949 15731.024
12403.205 15740.929
12310.311 15810.184
12212.683 15875.545
12171.968 15970.868
12192.349 16110.271
12214.231 16422.334
12261.559 16542.768
12372.586 16741.549
12505.106 16761.430
12605.624 16804.539
12831.871 17124.117
13230.928 17463.328
13601.994 17512.648
13887.592 17672.602
14159.425 17825.814
14399.215 17845.400
14620.978 17949.865
14713.604 17903.723
14944.324 17916.654
15044.215 17972.850
15006.560 17911.871
14929.278 17929.912
14825.983 17594.154
14815.648 17405.168
14799.641 17316.098
14608.991 16990.246
14436.150 16731.525
14189.354 16632.355
14057.959 16612.951
13739.905 16367.486
13501.621 16184.905
13310.174 16050.973
12985.663 15853.555
12718.231 15699.267
12609.140 15682.949
12404.252 15528.434
12324.867 15472.685
12245.257 15352.024
12245.888 15318.832
12307.699 15296.903
12285.027 15203.058
12299.446 15090.987
12296.570 15016.283
12194.799 14933.441
12276.013 14918.291
12344.099 14744.882
12197.550 14498.670
11992.342 14254.668
11956.902 13986.167
11897.198 13740.737
11886.910 13626.720
11941.326 13527.729
11898.782 13268.165
11848.710 13194.604
11797.047 12882.619
12003.146 12793.574
11923.621 12565.271
11855.560 12323.384
11752.339 12150.174
11698.137 11880.308
11637.771 11648.312
11539.029 11534.210
11461.561 11389.028
11451.562 11286.639
11450.447 11211.223
