9572.567 10853.697 12275.486 8556.312 11980.897
9959.253 11227.355 12543.579 8572.907 11111.506
10196.048 11365.422 12847.910 8552.141 11002.256
10053.531 11335.188 12737.869 8426.661 10402.764
10109.899 11361.527 12731.186 8282.608 9884.000
10170.383 11385.416 12621.601 8236.760 9484.590
10132.292 11455.829 12493.181 8220.667 9031.363
10102.576 11409.894 12186.968 8077.790 8328.219
10135.873 11349.147 11981.605 8015.958 7936.518
9876.367 11150.663 11770.867 7948.512 7813.146
9773.699 11068.956 11613.900 7869.923 7875.721
9742.543 10996.844 11313.713 7788.783 7641.854
9616.112 10903.049 11104.467 7604.142 7513.874
9602.434 10839.207 10972.023 7481.381 7028.197
9578.777 10745.333 10784.510 7382.926 6961.067
9558.533 10799.390 10652.090 7295.060 6877.645
9538.159 10817.920 10669.170 7208.778 6223.690
9566.908 10828.106 10556.858 7091.778 6048.612
9516.299 10794.953 10411.927 7107.375 6077.509
9547.546 10878.493 10349.890 7101.279 6175.766
9511.414 10912.392 10388.527 7070.766 6024.160
9569.042 10996.024 10291.079 7179.372 6024.386
9671.786 11127.751 10209.503 7184.898 6308.021
9809.112 11233.368 10356.198 7178.436 6312.812
9977.478 11299.729 10368.848 7189.672 6317.122
10170.344 11346.178 10549.623 7267.548 6293.981
10370.696 11425.486 10595.281 7293.770 6259.732
10427.174 11586.749 10818.171 7323.281 6204.615
10574.355 11675.368 10920.369 7391.191 6218.344
10778.312 11801.762 11041.899 7474.424 6277.997
11078.365 11905.447 11077.746 7515.665 6210.646
11284.811 12132.502 11272.684 7646.901 6188.732
11597.738 12360.360 11425.305 7771.196 6211.527
11763.660 12528.764 11591.320 7837.127 6131.083
12039.716 12750.144 11724.055 7880.053 6186.364
12265.644 13046.764 11968.581 7986.319 6293.624
12425.047 13143.753 12136.504 8044.450 6280.191
12678.429 13279.045 12345.744 8197.318 6322.653
12887.069 13454.857 12579.552 8360.447 6427.689
13117.849 13604.754 12727.852 8416.629 6498.941
13194.956 13668.295 12845.396 8490.034 6526.242
13212.805 13743.773 12947.219 8553.562 6274.032
13289.316 13933.929 13183.207 8652.650 6357.408
13287.735 13941.050 13255.009 8600.046 6332.212
13282.495 13916.038 13307.169 8618.916 6341.309
13266.637 13939.536 13318.178 8613.898 6226.272
13292.608 13904.870 13369.158 8562.434 6260.521
13264.850 13846.622 13505.708 8582.150 6212.249
13261.682 13799.563 13594.606 8537.334 6150.765
13335.393 13819.959 13662.190 8533.288 6083.565
13271.784 13749.110 13717.421 8504.211 6059.594
13324.866 13774.362 13804.222 8445.741 5992.749
13437.422 13769.200 13917.181 8468.656 6006.876
13606.580 13790.663 14095.840 8477.311 5990.413
13803.997 13874.176 14197.073 8547.959 5962.506
14111.874 13952.917 14333.345 8614.386 6006.570
14627.911 14258.176 14446.927 8689.982 6166.544
15052.958 14596.259 14714.677 8813.669 6288.423
15527.772 14913.592 14924.725 8974.965 6335.263
15942.484 15188.619 15119.320 9115.468 6413.377
16512.699 15475.033 15480.611 9291.174 6471.770
16993.840 15769.309 15785.365 9398.023 6665.730
17257.889 16019.179 16134.561 9562.742 6793.130
17507.227 16270.027 16307.737 9672.563 6950.835
17841.457 16688.652 16657.332 9789.710 7129.183
18057.771 16795.744 16835.744 9796.467 7157.717
18210.633 16877.436 16947.121 9876.813 7350.850
18257.914 16893.557 17079.990 9911.224 7451.428
18302.033 16933.586 17259.148 9879.504 7498.159
18196.729 16793.977 17336.982 9931.481 7586.219
18002.244 16751.535 17345.686 9985.229 7596.760
17892.662 16598.725 17274.105 9859.627 7510.889
17614.834 16371.707 17204.562 9925.830 7404.171
17342.162 16100.653 17057.557 9790.884 7452.326
17058.297 15801.269 17092.734 9750.472 7476.398
16799.543 15562.154 16897.717 9769.413 7394.449
16530.059 15244.448 16692.684 9619.996 7408.917
16247.222 14981.840 16387.381 9551.228 7300.802
16050.635 14689.004 16086.152 9422.128 7383.241
15682.476 14403.676 15781.835 9380.700 7237.950
15454.388 14237.796 15516.150 9306.037 7209.453
15239.829 14098.101 15314.477 9249.580 7210.285
15162.836 14105.464 15067.153 9240.581 7243.046
15133.175 14034.740 15011.691 9235.352 7245.147
15332.136 14279.218 15031.027 9315.104 7374.093
15480.499 14417.789 15128.023 9324.296 7443.858
15716.615 14683.571 15199.703 9479.590 7602.450
16040.795 15088.175 15405.882 9651.518 7724.445
16390.639 15530.153 15720.005 9879.103 8038.759
16844.688 16069.102 16046.859 10125.213 8265.513
17217.273 16501.652 16481.330 10287.682 8458.911
17635.990 17012.127 16936.152 10584.251 8755.455
17994.586 17359.082 17401.650 10935.230 8923.982
18267.152 17719.736 17946.820 11158.275 9106.689
18555.910 17970.719 18318.785 11329.910 9355.959
18646.887 18079.338 18623.408 11454.043 9561.768
18708.109 18044.545 19008.715 11594.887 9704.639
18624.201 17991.893 19090.795 11494.140 9887.608
18634.131 17989.869 19149.416 11618.829 10139.425
18516.295 17992.541 19173.564 11613.295 10194.506
18282.312 17812.240 19075.439 11546.381 10296.859
17993.465 17550.205 19077.383 11559.166 10356.751
17766.916 17246.764 18778.434 11365.087 10453.524
17431.229 16855.805 18527.043 11195.932 10568.881
17098.967 16388.430 18169.852 11030.239 10736.069
16781.424 16123.740 17800.031 10904.103 10891.383
16394.506 15824.513 17348.705 10718.437 10878.421
16177.570 15524.128 17064.094 10561.726 11037.271
15867.768 15289.093 16703.441 10398.053 10938.692
15604.380 15149.122 16347.859 10249.938 10770.896
15435.946 14998.160 16004.569 10159.606 10895.091
15444.304 15008.140 15672.900 10103.918 10940.894
15507.858 14998.252 15363.478 10139.316 11051.610
15698.923 15245.558 15292.451 10305.789 11098.493
15842.389 15545.244 15201.247 10448.505 11233.827
16255.004 15993.572 15396.410 10621.999 11423.479
16733.221 16589.402 15594.190 10888.223 11686.869
17414.598 17185.055 15922.046 11304.990 12109.445
17987.359 17850.271 16228.807 11683.844 12541.876
18806.883 18641.502 16864.393 12251.732 12922.205
19475.496 19337.572 17365.643 12639.434 13434.396
20144.471 19881.092 18023.938 12979.712 13975.805
20751.057 20342.389 18669.600 13357.986 14572.150
21033.732 20779.322 19148.273 13669.157 15003.990
21296.908 21058.986 19616.617 13874.627 15563.395
21434.477 21031.717 19986.297 13801.936 15988.840
21498.035 20989.139 20298.348 13736.178 16437.963
21517.748 20920.559 20444.305 13724.740 16632.746
21506.748 20714.572 20580.400 13495.142 16909.439
21112.295 20397.064 20528.521 13376.040 17111.574
20874.846 19919.602 20475.201 13147.017 17350.555
20426.432 19621.859 20200.006 12893.323 17439.715
20097.260 19078.285 19937.264 12633.739 17419.375
19681.250 18562.463 19593.746 12413.682 17382.414
19355.336 18079.357 19355.814 12129.955 17342.213
18880.445 17516.727 18955.369 11880.806 17172.494
18426.459 17030.002 18536.773 11519.646 17032.768
18108.025 16605.723 18257.211 11270.867 16878.844
17610.217 16124.985 17807.566 11038.665 16664.852
17387.152 15857.763 17530.143 10835.553 16490.650
17279.289 15664.742 17269.264 10726.762 16292.651
17042.371 15545.708 17016.379 10634.282 15983.449
17050.492 15554.719 16949.584 10661.473 15781.391
17108.863 15757.621 16788.654 10677.557 15796.536
17416.740 16118.920 16877.914 10946.950 15968.227
17759.307 16503.977 16921.451 11100.007 16193.656
18412.750 17153.119 17091.330 11408.040 16369.125
19049.924 17818.361 17410.113 11801.721 16737.402
19906.479 18778.928 17931.805 12290.498 17194.830
20783.963 19428.447 18436.391 12632.139 17744.418
21447.580 20061.621 19001.896 12918.319 18291.205
22170.732 20625.871 19604.172 13267.434 19103.076
22652.828 21103.127 20078.994 13625.463 19732.045
23189.840 21441.432 20736.055 13925.975 20234.355
23496.887 21651.031 21225.568 14078.173 20652.438
23647.316 21684.727 21559.459 14114.461 20820.590
23704.199 21668.955 21874.994 14146.689 21344.984
23729.121 21442.080 22081.977 14170.457 21731.152
23522.928 21359.400 22261.111 14088.719 21712.635
23105.990 20846.338 22218.055 13825.974 21733.820
22879.637 20501.959 22137.500 13587.305 21899.477
22649.805 20031.336 22034.990 13415.996 21917.586
22348.402 19696.367 21920.133 13182.290 21973.730
22012.477 19140.145 21710.541 12941.490 21906.600
21660.119 18766.359 21611.824 12704.932 21646.865
21206.914 18151.779 21130.789 12348.524 21304.400
20806.834 17677.662 20897.418 12133.732 20965.389
20463.393 17154.984 20445.527 11908.673 20649.756
20083.898 16758.381 20233.662 11759.496 20468.625
19736.764 16465.438 20029.012 11631.654 20236.428
19496.531 16222.354 19563.166 11414.222 19887.584
19322.893 15992.519 19282.973 11381.475 19607.682
19332.732 16041.458 19078.500 11453.178 19278.170
19384.275 15990.288 18740.033 11396.281 19246.146
19473.480 16239.547 18602.457 11573.169 19066.416
19952.068 16598.660 18575.109 11786.100 19122.754
20152.469 17003.771 18438.104 11953.219 18953.102
20720.439 17499.488 18676.996 12171.113 18911.451
21355.473 18188.275 18858.832 12502.486 19074.271
21918.178 18966.273 19171.926 12757.435 19450.656
22363.766 19561.873 19538.832 12990.687 19821.420
22976.148 20184.775 20078.664 13238.283 20374.445
23452.191 20637.023 20527.307 13499.760 20717.773
23999.584 20984.285 21051.992 13602.394 21064.617
24461.369 21289.109 21645.332 13736.035 21742.260
24437.334 21307.807 21929.711 13787.765 22043.010
24710.297 21451.967 22392.932 13855.855 22539.439
24798.145 21339.131 22466.299 13840.832 22865.078
24969.980 21261.002 22740.326 13803.810 23210.248
24875.516 21148.299 22894.262 13832.746 23346.199
24689.068 20831.162 22771.695 13681.455 23310.453
24492.209 20392.672 22647.994 13553.103 23366.420
24212.646 20072.193 22570.549 13506.402 23426.549
23833.656 19574.936 22250.188 13308.981 23358.268
23485.820 19046.748 21841.326 13072.219 23100.525
23170.791 18658.594 21421.420 12867.566 23266.307
22621.357 18127.398 21029.678 12740.290 22860.748
22128.564 17783.752 20555.492 12464.514 22189.221
21672.930 17337.521 20254.500 12348.293 21672.572
21341.707 17066.010 19929.199 12215.276 21331.074
