9858.128 10196.515 12210.554
9404.189 10100.855 11885.070
9081.899 10011.628 11502.296
8941.658 9873.971 11431.778
8645.612 9607.605 11071.241
8507.385 9310.983 10873.397
8289.991 9111.945 10588.252
8012.626 8887.285 10316.322
7958.490 8679.848 10214.004
7758.055 8517.876 10054.494
7774.483 8404.650 10061.463
7598.477 8316.676 9932.598
7705.754 8286.568 9986.748
7715.817 8253.192 10079.862
7594.394 8418.910 10094.436
7538.699 8280.289 10095.687
7628.119 8241.642 10128.962
7552.735 8254.199 10078.464
7521.615 8279.753 10134.007
7537.113 8326.847 10093.066
7537.680 8216.716 10045.915
7509.535 8292.318 10075.603
7473.621 8290.108 10212.260
7450.912 8273.199 9973.114
7315.271 8254.053 10047.748
7494.025 8385.778 10156.478
7442.667 8249.145 10077.250
7449.993 8208.577 10218.068
7658.161 8210.100 10241.496
7722.176 8212.869 10411.770
7849.009 8296.419 10506.685
7913.960 8402.510 10663.434
7978.756 8558.228 10717.865
7981.437 8602.256 10962.883
8097.062 8703.994 10989.092
8283.396 8882.646 11100.929
8318.858 9086.025 11318.599
8436.447 9277.896 11432.153
8587.441 9408.431 11558.345
8638.362 9547.748 11762.166
8732.504 9706.430 11806.788
8765.492 9863.678 11879.667
8758.771 9990.744 11873.800
8863.640 10117.742 11952.125
8915.573 10165.956 11926.746
8923.810 10099.367 11918.656
8740.244 10106.336 12007.646
8683.542 10085.738 11947.927
8672.666 9920.524 11978.146
8518.382 9748.168 11888.449
8533.777 9709.550 11907.425
8472.117 9570.968 11818.531
8448.200 9358.270 11868.738
8396.258 9269.992 11835.620
8455.141 9260.321 11765.854
8560.624 9233.311 11806.775
8461.152 9278.851 11863.652
8627.349 9117.273 11881.963
8634.670 9200.647 11926.335
8722.104 9246.498 12089.509
8838.313 9195.767 12147.700
9140.057 9136.435 12355.346
9231.400 9200.181 12480.756
9261.229 9302.143 12494.439
9408.740 9372.369 12455.078
9554.221 9440.514 12540.041
9601.173 9709.161 12673.998
9550.272 9894.103 12694.067
9590.110 10139.683 12536.300
9685.289 10142.829 12559.488
9579.082 9951.468 12462.701
9471.418 9906.634 12187.993
9341.173 9971.581 12136.507
9168.050 10019.935 12024.698
9151.867 10086.646 11918.658
9147.178 9969.778 11884.642
8893.256 9977.512 11799.753
8762.765 9933.368 11726.105
8703.461 9930.314 11682.377
8561.253 9892.905 11626.588
8479.994 9682.082 11903.842
8563.813 9630.219 11857.854
8558.332 9537.203 12069.262
8428.036 9409.196 12321.271
8634.682 9492.648 12541.341
8782.018 9658.562 12645.917
8982.625 9838.544 12687.030
9051.451 9990.882 12621.960
9362.183 10084.233 12723.334
9467.012 10267.103 12782.480
9631.407 10386.060 12896.688
9803.777 10709.323 12682.548
9919.582 10689.131 12965.407
10022.699 10831.254 12908.612
9962.766 11097.058 12977.203
10061.472 11150.404 13002.874
9948.385 11358.539 13005.202
9955.303 11576.709 13031.590
10040.558 11652.694 12962.452
9872.267 11520.585 13152.677
9732.600 11675.429 13159.114
9753.104 11850.083 13101.670
9557.896 11654.562 13103.703
9552.496 11704.186 13129.216
9371.040 11806.404 13221.563
9301.147 11774.879 13178.575
9338.848 11609.942 13343.627
9413.441 11490.269 13557.744
9512.144 11374.480 13591.203
9487.847 11385.675 13784.360
9421.660 11306.848 14058.611
9707.819 11291.812 14204.535
9826.001 11235.344 14212.736
10100.794 11268.770 14360.078
10191.841 11342.289 14530.034
10281.033 11418.468 14516.101
10368.385 11450.804 14569.729
10606.350 11605.192 14520.510
10524.869 11746.812 14413.238
10849.385 11848.015 14202.939
10899.904 11944.617 14026.493
11049.242 12165.065 13888.341
11071.597 12441.504 13810.402
11097.268 12518.202 13818.461
11004.640 12454.082 13828.486
10885.629 12424.117 13806.390
11067.516 12276.228 13880.938
11057.663 12250.312 14037.854
11171.137 12268.256 14321.704
11066.956 12121.888 14326.219
11070.204 11997.816 14571.507
10809.794 11759.562 14658.461
10754.521 11623.066 14978.138
10846.849 11575.887 15142.668
10699.532 11570.160 15338.063
10700.615 11518.155 15489.889
10627.106 11596.421 15670.484
10797.821 11589.797 15801.479
11098.244 11701.993 15966.661
11127.712 11643.784 15905.312
11276.942 11917.001 16075.770
11397.506 12198.021 16132.507
11592.606 12419.611 16116.148
11725.268 12391.321 15940.031
11749.717 12769.849 15910.104
11664.214 12955.008 15854.569
11512.994 13075.304 15804.921
11415.221 13123.746 15672.800
11515.472 13429.865 15458.952
11532.226 13514.052 15571.270
11639.593 13419.727 15673.945
11627.935 13271.255 15432.996
11501.564 13417.109 15539.975
11486.820 13430.635 15422.503
11539.799 13419.753 15433.979
11395.096 13416.192 15582.222
11430.458 13286.817 15325.562
11431.392 13061.064 15578.949
11367.938 13005.267 15526.077
11357.540 13064.726 15608.212
11149.604 12857.896 15741.555
11076.907 12676.453 15860.183
11251.774 12355.515 15796.431
11377.852 12186.431 15908.159
11305.747 12057.367 16156.608
11217.624 11932.403 16191.002
11335.317 12093.073 16547.779
11246.583 12169.201 16434.555
11308.388 12209.665 16557.195
11352.706 12131.040 16531.377
11463.717 12251.034 16476.141
11515.948 12232.898 16613.182
11704.108 12404.979 16531.771
11755.289 12470.905 16408.572
11685.001 12480.727 16132.881
11666.260 12447.604 15972.692
11487.654 12331.160 16054.479
11225.217 12330.135 15966.059
11236.305 12254.900 15844.280
11097.966 12540.049 15888.136
11040.837 12556.374 15856.451
10910.842 12511.305 15791.500
10862.864 12422.753 15762.982
10758.092 12510.447 15765.835
10601.172 12414.724 16021.287
10503.483 12431.102 16133.012
10389.462 12387.568 16110.237
10357.318 12305.868 16182.398
10026.683 12342.436 16379.461
10053.156 12182.735 16264.393
9983.681 12032.295 16289.510
10095.889 12127.690 16260.264
9977.377 12288.707 16359.258
9898.272 12312.170 16583.193
9864.146 12290.945 16264.717
9844.239 12180.101 16308.771
9776.825 12197.212 16550.248
9805.443 12078.856 16526.490
9819.787 12098.570 16398.654
9989.717 12136.112 16278.983
10080.578 12130.415 16293.184
9896.125 12264.836 16024.590
9763.589 12069.545 16011.691
9806.623 12163.013 15819.812
9717.284 12157.460 15658.850
9797.586 12170.543 15683.730
9834.720 12343.229 15494.242
9747.385 12339.535 15529.780
9605.272 12292.320 15273.288
9538.820 12447.671 15210.401
