7117.647
8112.217
8932.844
9274.276
9649.245
9620.027
9684.229
9341.792
9011.428
8619.436
8121.547
7647.670
7179.906
6929.287
6644.050
6378.811
6248.673
6187.049
6088.982
6196.973
6248.457
6436.787
6561.723
6699.419
6912.662
6933.112
7091.223
7424.035
7627.550
7945.009
8019.357
8104.056
8211.502
8193.882
8223.292
8291.071
8224.953
8109.113
7886.532
7846.554
7668.937
7713.947
7660.980
7649.182
7749.442
7910.135
8116.676
8205.333
8237.273
8170.577
8037.452
7894.096
7808.224
7493.965
7261.542
7098.603
7090.571
7158.715
7284.078
7312.781
7602.673
7810.941
7989.577
8159.125
8202.188
8100.549
8083.959
8116.073
8044.246
8206.812
8399.429
8615.219
8952.216
9232.293
9655.583
10114.202
10461.562
10744.951
11170.860
11323.289
11723.416
12140.882
12497.483
12290.760
12291.015
12077.328
12059.592
12029.578
11956.473
11795.037
11999.782
12005.175
11989.108
12135.484
12184.913
11944.022
11771.623
11546.560
11375.721
11184.870
10837.902
10371.701
10155.062
9897.028
9480.247
9350.592
8963.081
8907.248
8704.977
8082.577
7832.144
7476.438
7116.840
6761.419
6414.966
6289.333
6031.494
5802.830
5477.588
5233.181
5084.893
4809.994
4608.948
4558.360
4461.844
4274.779
4211.685
4169.874
4071.384
3893.759
3850.873
3687.671
3716.636
3592.738
3494.797
3499.692
3419.503
3335.971
3203.166
