14795.140 16754.004 14943.730 11173.404
14590.634 16529.662 14747.676 11006.326
14323.625 16305.850 14494.357 10733.623
13845.011 15668.040 14113.771 10554.453
13021.991 14725.467 13422.015 10106.478
12613.391 14404.485 13168.144 9827.055
12133.893 13785.787 12768.394 9508.313
11814.580 13357.328 12531.567 9337.757
11332.412 13075.459 12262.865 9012.162
10797.934 12601.042 11832.858 8838.646
10561.994 12288.509 11763.942 8707.590
10448.381 12012.030 11496.698 8503.104
10174.038 11880.738 11363.345 8455.664
10055.091 11783.920 11135.445 8433.116
9996.401 11792.080 10931.292 8513.830
10121.411 11900.874 10882.720 8671.048
10215.819 12014.820 10864.402 8727.418
10251.410 12281.132 10915.765 8810.520
10404.438 12389.334 10912.953 8974.264
10478.775 12522.805 10913.415 9072.833
10616.389 12734.194 10889.816 9200.660
10704.178 12850.982 10914.544 9260.968
10774.067 12977.596 11034.126 9255.454
10933.677 13155.948 11140.822 9484.078
11223.584 13333.867 11194.785 9486.430
11356.919 13573.762 11262.088 9543.577
11636.717 13800.291 11440.354 9650.267
11920.146 13994.697 11669.071 9712.541
12174.287 14200.843 11904.831 9806.585
12342.229 14387.715 12100.015 9905.385
12591.361 14557.313 12269.344 9959.326
12753.315 14793.530 12523.311 10137.575
12811.701 14770.000 12543.994 10255.405
12992.616 14904.250 12650.381 10400.755
13087.637 14754.915 12763.316 10437.776
13097.052 14747.401 12860.720 10514.552
13077.515 14745.560 12855.337 10482.501
13085.008 14792.174 12893.337 10497.936
13090.990 14903.450 12935.846 10645.334
13120.345 14937.343 12927.627 10665.122
13153.478 14993.564 12875.105 10794.260
13175.688 15046.692 12918.426 10939.034
13286.207 15240.101 12952.674 11091.598
13337.580 15480.071 13050.246 11209.109
13401.270 15674.641 13093.298 11359.981
13603.950 16035.104 13346.612 11632.388
13671.254 16308.003 13441.761 11676.239
13972.807 16742.156 13696.058 11764.363
14283.649 17041.619 13900.381 11942.130
14655.253 17317.686 14062.853 12136.537
15098.568 17706.494 14430.466 12344.184
15479.188 18000.959 14731.029 12492.800
15854.964 18402.719 14943.410 12701.614
16197.455 18735.533 15207.373 12865.450
16578.693 18975.330 15437.429 13092.752
16815.137 19245.756 15629.214 13266.809
16818.539 19250.168 15756.643 13363.382
17253.717 19393.602 15985.426 13501.483
17451.250 19327.215 16189.893 13620.357
17710.096 19237.166 16423.498 13732.915
17730.840 19042.893 16507.104 13780.718
17729.973 18854.127 16572.736 13747.601
17731.281 18606.365 16652.543 13771.709
17679.877 18419.984 16599.049 13744.812
17644.617 18154.920 16479.582 13773.584
17518.037 17858.074 16251.872 13688.162
17360.240 17601.211 16151.758 13627.115
17281.451 17410.547 15878.163 13585.631
17022.471 17175.045 15952.214 13575.239
16857.260 17015.656 15864.186 13579.703
16539.025 16817.438 15670.400 13557.324
16271.363 16700.479 15499.482 13460.714
16122.218 16554.010 15198.695 13490.134
15978.643 16541.668 15194.935 13462.214
15867.844 16593.523 15256.732 13406.120
15860.532 16704.705 15125.791 13362.203
16035.192 16916.256 15214.462 13416.739
16237.509 17157.037 15282.498 13475.017
16386.295 17399.623 15347.374 13565.083
16859.613 17828.156 15518.999 13730.261
17355.854 18119.879 15777.859 13932.778
17825.951 18429.480 16041.171 14168.408
18290.445 18805.461 16342.839 14379.041
18702.906 19073.725 16688.176 14636.629
19156.717 19336.305 17147.062 14888.566
19525.098 19420.162 17402.955 15077.410
19971.738 19637.924 17597.182 15314.779
20045.816 19651.402 17952.711 15541.834
20200.424 19577.701 18083.336 15599.622
20200.809 19528.676 18429.750 15809.253
20041.980 19388.080 18683.424 15923.606
19876.371 19177.523 18764.006 15929.707
19653.828 18802.969 18708.867 16043.946
19542.807 18547.803 18699.137 16040.832
19436.188 18319.020 18641.102 16115.070
18973.143 17927.756 18487.023 16069.654
18789.193 17733.008 18391.684 16041.302
18559.680 17429.359 18376.703 15985.836
18344.342 17108.764 18308.787 15830.353
18152.473 17022.957 18301.146 15828.596
17917.312 16939.420 18434.043 15730.216
17675.248 16929.789 18204.479 15582.446
17569.842 16948.717 18111.352 15486.845
17541.553 17110.588 18004.289 15434.820
17568.215 17292.281 17952.035 15382.505
17673.887 17498.809 18058.340 15372.304
17908.812 17880.342 17926.639 15387.904
18187.285 18383.201 17971.846 15523.515
18656.893 18723.807 17890.158 15629.504
19189.197 19178.287 18130.195 15754.222
19759.787 19783.525 18319.570 15995.581
20277.811 20320.252 18474.887 16108.368
20688.979 20727.201 18693.096 16314.397
21249.105 21185.514 18893.164 16397.168
21713.562 21467.795 19271.029 16747.939
22224.914 21792.408 19598.104 17009.422
22526.605 21952.150 19927.988 17208.416
22767.518 21979.070 19970.820 17292.963
22911.361 21955.725 20105.789 17433.926
23057.107 21869.461 20337.676 17632.119
23042.424 21706.045 20238.514 17778.330
22756.293 21401.207 20288.119 17849.234
22509.631 21112.389 20185.510 17798.004
22213.715 20836.100 20016.600 17734.334
22001.506 20452.914 19981.188 17690.127
21478.678 20132.916 19926.408 17527.020
21088.357 19752.932 19711.529 17497.086
20747.266 19411.117 19648.992 17316.182
20218.945 19076.971 19715.814 17217.311
19894.295 18776.605 19631.830 17075.076
19491.670 18647.754 19737.807 16896.916
19068.432 18391.939 19410.014 16782.668
18885.551 18288.135 19540.854 16658.621
18779.248 18265.504 19483.975 16526.797
18713.328 18472.627 19451.148 16449.973
18743.164 18700.295 19325.574 16408.330
18878.826 19023.242 19095.023 16562.680
19213.164 19434.852 19115.494 16779.709
19709.521 20033.490 19191.336 17037.537
20195.916 20503.779 19264.162 17254.799
20636.359 21164.305 19409.875 17596.410
21273.725 21832.740 19643.609 18052.264
21790.990 22213.318 19938.361 18534.688
22136.020 22440.801 20069.396 18962.088
22657.807 22866.904 20316.004 19390.209
23037.764 23056.557 20526.668 19777.678
23033.184 23108.428 20669.977 20080.955
23055.463 23100.281 20785.936 20441.111
23007.338 23034.574 20777.994 20830.547
22839.082 22907.736 20763.438 21012.457
22762.207 22747.400 20636.535 21184.096
22476.092 22411.479 20513.908 21147.383
22050.475 22045.965 20364.039 21270.762
21797.734 21639.887 20451.846 21227.102
21355.346 21234.010 20147.098 21204.098
20900.463 20899.453 19940.771 21177.990
20633.127 20550.170 19838.615 21045.176
20179.836 20147.396 19649.994 20758.922
19822.760 19706.396 19613.492 20298.408
19571.814 19389.029 19504.514 19972.041
19327.938 19050.600 19328.770 19451.701
19126.674 19004.900 19188.059 19201.277
18864.178 18848.113 18965.309 18823.258
18716.385 18919.826 18911.420 18629.785
18569.639 19067.531 18818.844 18531.938
18710.381 19249.703 18760.787 18443.334
18796.795 19553.730 18689.719 18291.904
19004.594 19932.818 18755.896 18558.703
19240.438 20373.031 18773.568 18649.225
19516.514 20759.627 18724.430 18698.988
19836.178 21427.662 18924.316 18784.498
20215.877 21828.240 19117.990 18911.930
20601.012 22192.430 19313.385 19130.602
20960.182 22470.877 19373.965 19392.826
21429.951 22755.625 19569.834 19484.467
21665.164 22957.676 19817.312 19836.863
21654.391 23026.822 19930.242 20107.184
21533.268 22847.904 20053.881 20200.736
21499.973 22713.305 20454.340 20190.318
21335.275 22549.105 20707.840 20311.787
21359.607 22367.529 20982.289 20134.262
21195.309 22203.158 21115.244 20204.512
21051.842 21891.451 20909.322 20180.355
20942.859 21488.225 20842.004 19995.582
20709.383 21039.148 20946.258 19757.678
20330.748 20675.527 20946.705 19675.812
20076.781 20376.090 20916.049 19569.738
19871.891 19996.502 20977.211 19321.312
19498.307 19654.209 20813.734 19034.285
19208.848 19360.465 20685.564 18750.926
19019.352 19412.504 20750.830 18361.729
18871.865 19316.527 20557.318 18101.297
18637.055 19220.406 20424.158 17795.268
18596.471 19170.873 20493.307 17447.176
18624.334 19385.146 20309.043 17183.584
18668.566 19548.434 20277.127 16955.564
18717.180 19989.055 20293.729 16859.170
18880.016 20186.020 20452.371 16805.814
19074.500 20507.051 20657.574 16694.807
19302.100 20704.037 20392.900 16796.582
