14657.351
16097.255
16433.472
16047.489
15527.542
14795.889
13871.787
13255.256
12544.933
11943.401
11286.585
10637.052
10386.836
10113.657
10098.289
9895.433
9884.338
9785.630
9889.983
9951.552
10109.758
10324.138
10488.904
10922.033
11280.500
11630.976
12013.650
12342.771
12402.489
12650.144
12677.015
12507.149
12705.249
12380.974
12377.465
12287.836
12475.456
12860.099
13288.604
13634.678
14134.166
14118.235
14156.597
13978.920
13740.062
13397.998
13291.758
13214.289
13276.993
13348.048
13601.653
14071.409
14380.092
15236.020
15655.310
15890.520
15880.553
15564.133
14807.609
14493.944
13943.358
13239.419
13124.957
13210.491
13852.212
14461.943
15600.288
16477.898
17052.314
17291.225
17776.776
17468.453
17019.505
16285.876
15795.582
15391.808
15423.570
15617.676
15919.247
16298.103
17953.213
19506.283
20520.687
21729.776
23163.451
23221.258
22822.086
22600.144
22866.422
22708.293
21889.548
22004.551
21991.636
22835.666
23090.661
24078.799
25211.645
25983.410
26936.677
27698.851
27986.218
27839.320
28596.098
28297.152
27936.914
27261.462
27403.514
27377.565
27341.140
27378.789
27577.311
28033.819
28063.103
28373.916
28417.749
28606.309
28628.953
28483.664
28530.945
28260.542
28296.967
27655.529
28196.988
27672.960
27853.492
28606.261
28653.440
28893.006
29186.954
29828.963
29894.358
30180.215
30421.044
30485.582
30810.845
30326.045
30496.612
30205.296
30241.986
