1720.487
1791.435
1800.708
1736.160
1686.200
1643.887
1607.598
1591.625
1579.433
1589.595
1606.878
1638.820
1676.462
1716.393
1753.766
1765.411
1778.092
1779.313
1767.721
1755.259
1735.426
1733.452
1735.764
1758.152
1794.724
1842.766
1875.607
1906.004
1919.050
1897.352
1876.103
1843.314
1805.579
1792.149
1779.055
1785.025
1817.048
1893.569
1974.037
2048.581
2121.742
2153.480
2167.479
2144.649
2124.180
2077.549
2048.165
2037.926
2042.248
2074.573
2139.966
2213.808
2309.910
2370.493
2444.891
2485.447
2499.104
2501.974
2492.145
2470.693
2445.355
2426.195
2420.395
2463.715
2535.499
2616.176
2709.878
2853.359
2936.191
3049.593
3126.347
3169.950
3202.613
3197.984
3196.349
3199.133
3211.819
3226.294
3272.925
3359.844
3458.592
3568.678
3678.931
3748.392
3784.755
3803.403
3791.878
3738.818
3669.068
3608.343
3530.680
3482.723
3456.531
3444.120
3443.447
3457.270
3442.002
3438.593
3410.084
3338.865
3300.108
3232.997
