1961.824
2129.046
2231.307
2167.230
2071.366
2004.812
1892.434
1798.990
1730.245
1687.063
1636.138
1610.194
1549.815
1568.653
1569.243
1574.573
1588.026
1622.740
1603.380
1604.303
1577.599
1596.307
1578.210
1606.097
1614.929
1634.700
1720.618
1807.820
1866.631
2023.726
2071.206
2102.549
2071.510
2050.807
2009.313
1991.044
1971.239
1949.840
1983.308
2043.274
2112.240
2192.574
2274.599
2320.604
2325.560
2246.388
2189.683
2120.427
2097.806
2035.970
2004.000
1971.148
1963.729
2100.701
2233.678
2323.047
2360.735
2343.504
2285.133
2208.137
2074.126
1987.131
1938.606
1863.080
1768.939
1745.671
1740.076
1795.651
1898.170
2026.795
2154.319
2301.663
2401.039
2432.055
2416.335
2384.333
2359.011
2303.188
2263.364
2281.066
2199.419
2238.582
2354.660
2428.666
2610.826
2705.825
2997.785
3177.842
3224.856
3076.850
3088.448
3049.884
2866.824
2689.269
2449.156
2333.535
2283.205
2040.819
1978.167
2016.838
2016.757
1960.894
