1699.832
1768.999
1769.202
1722.722
1682.071
1645.156
1650.553
1639.214
1638.087
1644.367
1640.010
1692.727
1709.160
1721.133
1736.295
1750.842
1764.028
1770.622
1791.977
1814.452
1815.861
1857.106
1895.242
1939.958
1981.398
2022.385
2054.341
2067.119
2073.381
2061.264
2020.099
2018.338
2005.385
2009.299
1975.569
2004.372
2041.099
2071.447
2129.866
2159.910
2165.601
2152.831
2152.620
2113.616
2085.818
2073.135
2070.080
2086.758
2093.360
2153.309
2200.676
2256.701
2297.130
2305.695
2322.922
2305.609
2270.664
2244.245
2224.478
2220.669
2222.535
2234.112
2283.012
2366.244
2421.881
2498.359
2540.064
2605.198
2643.086
2673.315
2709.285
2691.971
2706.073
2705.261
2700.510
2716.173
2755.539
2814.503
2902.983
2958.094
3105.857
3138.562
3218.221
3199.127
3250.890
3185.419
3098.284
3126.951
3168.481
3077.525
3087.534
3140.238
3191.737
3217.420
3326.397
3402.162
3389.845
3381.586
3366.896
3384.108
3283.754
3270.642
