326.973
412.177
452.286
441.785
427.598
405.461
382.903
359.013
341.582
322.775
306.914
293.346
288.660
296.008
308.507
317.113
324.527
332.656
325.547
321.863
307.898
304.458
308.354
313.873
329.753
363.098
392.574
435.263
483.249
474.418
460.161
445.464
416.695
397.553
378.867
356.090
356.884
348.633
365.877
382.239
399.172
407.617
419.901
417.613
401.605
375.584
377.495
346.311
333.730
322.979
316.095
327.482
337.696
358.920
377.739
411.698
409.498
415.713
404.981
404.944
390.814
379.331
373.547
349.009
353.316
343.372
367.196
369.545
395.296
403.572
444.056
447.187
468.182
457.147
481.939
469.812
474.177
441.848
451.028
444.740
455.076
445.023
456.859
450.536
484.303
496.059
510.579
501.811
528.761
506.900
526.886
520.699
537.995
510.948
514.724
493.622
496.594
490.658
482.031
472.870
468.499
453.468
455.680
433.009
414.499
395.609
372.809
368.521
345.211
340.404
324.621
309.313
292.585
284.495
273.298
263.464
249.841
237.765
230.494
218.750
206.217
201.275
189.423
184.942
185.174
182.639
176.192
172.631
174.475
168.213
