8943.058
8803.489
8763.531
8670.467
8163.921
7805.976
7322.791
7267.238
7382.631
7514.748
7759.897
7686.477
7596.163
7745.189
7984.508
7849.097
7698.144
7823.005
7694.381
7682.941
7764.649
8044.655
8435.976
8604.042
8915.132
9381.012
9371.609
9398.945
9421.720
9126.166
8771.437
8532.550
8482.867
8524.784
8644.188
8884.281
9160.189
9480.935
9654.412
9597.642
9477.386
9393.103
9136.253
8888.954
8655.253
8589.878
8482.430
8746.722
8937.150
9255.040
9671.606
9976.755
10035.355
9959.327
9743.651
9484.931
9260.179
8973.997
8866.064
8738.934
8868.189
9038.589
9403.360
9685.302
10112.288
10113.433
9996.678
9875.040
9666.799
9559.811
9366.916
9133.823
8939.720
8840.020
8936.621
9228.849
9546.916
9954.867
10352.787
10660.913
10808.701
10761.860
10732.177
10370.736
10210.768
10020.949
9706.703
9620.551
9489.396
9628.656
9795.639
10211.404
10463.414
10633.098
10898.944
10936.122
10927.863
10985.046
10880.209
10751.097
10776.203
10717.295
10410.328
10357.264
10522.717
10636.301
11050.875
11235.924
11114.978
10966.855
