11523.266 13646.274 11990.690
11809.049 13929.003 12190.915
11661.499 14081.940 11993.767
11614.910 13918.620 11673.025
11468.121 13769.555 11534.197
11230.240 13670.921 11324.291
11067.777 13337.977 11015.463
10967.554 13115.469 10778.095
10814.806 12884.825 10506.897
10673.457 12528.539 10313.245
10426.719 12226.093 10134.898
10310.230 11995.583 10081.178
10144.295 11732.643 10026.251
9939.975 11561.868 10039.704
9863.358 11354.609 9965.163
9941.965 11180.099 9869.973
9874.353 11053.970 9755.069
10013.296 10989.864 9643.867
10073.345 10915.462 9684.014
10197.387 10857.559 9705.528
10306.435 10874.987 9762.714
10334.725 10806.669 9842.659
10417.758 11035.906 9981.336
10539.338 11083.908 10071.361
10617.945 11093.868 10133.915
10821.739 11201.494 10151.389
10990.112 11124.446 10279.515
11068.746 11089.591 10270.137
11200.310 11195.711 10452.137
11272.302 11269.546 10478.854
11464.285 11383.716 10730.230
11617.296 11644.320 10861.090
11914.094 11900.603 10988.231
12187.733 12263.951 11218.211
12460.627 12500.834 11376.417
12562.091 12899.316 11581.477
12776.169 13095.600 11836.439
13052.955 13303.444 11992.207
13296.450 13523.011 12086.687
13576.353 13871.140 12477.245
13551.629 14058.360 12595.968
13837.314 14260.273 12716.638
14053.788 14370.043 12834.328
14218.807 14441.029 13015.768
14287.831 14192.081 13122.864
14411.835 14457.488 13241.384
14592.105 14575.385 13179.917
14729.139 14612.357 13105.113
14975.302 14664.371 13297.000
15211.631 14813.314 13341.455
15363.769 15102.542 13346.642
15577.146 15086.260 13280.730
15742.549 15394.309 13261.092
16079.518 15625.665 13485.395
16373.109 16027.394 13682.560
16641.016 16193.171 13846.682
17020.656 16440.188 13922.709
17429.918 16617.287 14183.067
17646.332 16862.510 14288.307
18019.494 17024.742 14491.240
18148.998 17112.164 14879.826
18496.627 17099.379 15181.935
18711.742 17328.188 15401.508
18877.574 17515.682 15466.205
19151.309 17777.242 15821.575
19261.666 17870.914 15946.771
19228.135 17886.613 16197.170
19115.865 18094.506 16247.182
19190.299 18322.471 16451.363
19118.580 18424.281 16487.229
18998.742 18703.074 16371.789
19066.037 18872.271 16344.204
19118.838 18904.945 16305.863
19220.975 18861.631 16213.822
19228.625 18894.133 16194.043
19058.221 18582.926 16285.663
19101.982 18724.865 16171.984
18921.666 18758.504 16062.464
18663.006 18913.842 16085.240
18670.170 19142.066 16050.332
18729.656 19338.066 15874.678
18768.256 19644.664 15765.622
18669.404 19841.109 15575.285
18660.977 20036.436 15499.233
18774.109 20250.268 15469.563
18923.996 20404.885 15427.863
19085.439 20734.750 15438.730
19348.674 20808.602 15460.626
19632.400 20983.309 15823.254
19910.639 21310.316 15969.469
20095.684 21666.459 16113.950
20488.357 22030.209 16289.956
20816.484 22366.773 16466.920
21125.188 22704.146 16737.799
21279.434 23030.123 17157.986
21476.281 23420.834 17525.857
21598.514 23888.775 17774.113
21566.939 24159.406 18236.857
21678.535 24257.443 18589.439
21573.160 24545.951 18843.869
21408.105 24559.732 19123.389
21439.113 24552.391 19129.088
21454.289 24802.309 19272.395
21145.121 24492.268 19307.701
20760.186 24369.930 19257.447
20665.170 23870.533 19086.084
20325.637 23635.150 19133.699
19973.441 23479.623 19168.719
19740.309 23123.211 18999.607
19565.229 23383.875 19103.654
19306.355 23417.275 19064.305
18987.695 23358.775 18928.041
18979.164 23408.375 18982.938
19207.566 23455.664 18959.564
19246.734 23517.424 18831.215
19287.391 23478.824 18752.125
19394.504 23993.738 18914.584
19437.262 24438.928 19047.234
19566.492 24987.977 19177.662
19904.525 25492.514 19414.346
19934.693 25869.084 19578.098
20114.893 26071.693 19710.559
20463.701 26543.953 19808.400
20491.879 26607.553 20044.166
20569.049 26724.648 20281.625
20709.000 26796.332 20246.508
20536.404 26711.016 20507.492
20482.732 26891.730 20677.275
20323.193 26671.328 20921.906
20262.941 26644.227 21037.293
20164.555 26446.723 21167.066
19613.775 26086.625 21156.469
19246.234 25812.000 21222.105
18825.186 25420.273 21229.795
18358.805 25076.752 21406.869
17850.008 24672.918 21395.184
17396.287 24228.895 21334.615
16946.494 23845.736 21291.779
16577.008 23564.949 21180.033
16166.306 23302.721 21018.803
15925.911 22958.564 20881.945
15567.515 22795.379 20605.443
15291.978 22734.150 20397.959
14988.821 22525.455 20226.031
14895.597 22632.828 20022.203
14806.272 22646.326 20023.125
14622.293 22820.270 19944.588
14543.161 22966.092 19876.281
14663.521 23389.498 19992.299
14834.684 23545.439 19854.680
15059.734 23750.072 19942.980
15307.375 23894.291 19992.518
15412.568 23962.064 20162.238
15592.005 24105.172 20054.594
15716.618 24273.006 19977.990
15725.257 24098.756 19880.369
15886.238 24024.586 19989.375
15744.276 24007.854 20142.764
15527.011 23686.041 20200.395
15279.437 23331.557 20222.170
15104.995 23206.344 20401.457
14831.626 22812.611 20541.984
14633.053 22553.057 20713.338
14242.926 22150.887 20490.902
14017.800 21818.133 20408.807
13702.961 21498.525 20507.457
13348.931 21015.102 20436.631
12980.667 20541.867 20596.330
12731.096 20388.154 20561.430
12466.488 20344.889 20145.465
12179.337 19996.326 20017.104
11826.273 19604.230 20036.125
11575.422 19157.055 19895.531
11590.629 18929.348 19680.082
11558.792 18716.748 19478.098
11607.003 18408.170 19240.523
11513.900 18251.477 19012.539
11769.722 18199.738 18834.068
11941.354 18115.334 18649.008
12197.548 18275.281 18474.684
12370.236 18371.906 18475.623
12491.472 18455.381 18174.234
12602.364 18533.250 18044.379
12679.214 18678.848 17749.049
12703.731 18715.611 17782.492
12693.166 18605.461 17603.553
12610.218 18591.176 17469.188
12724.432 18636.045 17296.402
12502.387 18505.977 17278.555
12407.865 18425.986 17019.553
12252.476 18238.377 17031.363
12035.056 18082.629 17074.457
11934.765 18001.516 16770.494
11733.706 17837.092 16542.312
11562.688 17599.441 16391.666
11272.003 17482.492 16268.275
11036.309 17292.936 16028.234
10898.065 17257.195 15988.926
10667.111 17093.754 15843.555
10285.735 16736.406 15648.732
