430.454
448.422
435.678
420.818
411.009
401.069
391.203
380.531
371.116
356.601
341.978
335.300
330.159
331.659
336.183
338.477
344.376
345.208
345.905
343.305
337.710
331.622
329.340
331.928
336.483
349.701
362.924
372.099
389.257
388.094
384.778
379.244
370.832
364.050
353.824
350.202
350.713
358.495
371.512
386.194
398.627
408.284
409.624
408.638
396.800
383.091
370.327
359.948
355.924
358.727
371.636
387.389
403.600
416.741
422.072
424.952
417.576
402.638
388.417
378.880
367.483
363.803
365.531
373.332
389.577
407.840
423.231
433.349
431.544
422.622
411.817
398.692
384.902
375.845
370.548
369.714
378.279
394.901
411.256
428.269
440.239
451.111
449.400
442.882
431.629
419.425
406.482
397.743
389.385
394.563
403.481
416.594
434.656
453.382
467.738
476.347
480.037
474.171
468.879
455.752
445.988
435.380
428.611
428.250
436.696
446.351
459.884
479.129
494.146
504.935
514.760
507.606
504.097
496.809
485.904
476.553
467.914
464.887
471.876
485.638
506.657
527.946
540.641
550.165
549.610
549.474
542.243
532.248
523.939
513.192
