9849.088
9527.683
9335.701
9195.408
9112.813
8828.608
8461.654
8232.098
7938.365
7704.504
7618.578
7526.226
7555.917
7507.252
7517.390
7434.186
7475.627
7555.336
7594.699
7679.314
7718.291
7827.342
7953.019
8006.561
8064.078
8106.056
8127.336
8251.378
8412.405
8409.795
8499.420
8605.009
8777.932
8828.492
8920.926
9069.711
9216.290
9427.532
9524.643
9747.959
9851.148
10158.366
10297.880
10279.458
10321.369
10366.412
10242.244
10360.301
10285.026
10336.618
10243.596
10291.834
10169.983
10149.925
10086.682
10091.961
10038.495
10007.138
10076.961
10150.483
10113.960
10174.748
10340.069
10403.593
10534.909
10588.262
10655.943
10628.638
10619.224
10635.750
10572.199
10624.378
10609.188
10661.311
10539.208
10435.696
10443.909
10431.553
10324.432
10255.432
10285.729
10311.094
10447.781
10483.855
10553.448
10644.384
10910.397
10965.564
11238.628
11248.191
11451.227
11601.164
11401.535
11594.605
11650.177
11590.071
11646.720
11352.805
11333.019
11376.986
11436.287
11282.134
11204.130
11021.710
10999.963
11080.406
10939.089
10989.075
11072.233
11117.004
11180.909
11161.165
11281.369
11454.623
11521.821
11479.967
11597.045
11748.159
11846.526
11729.090
11683.455
11459.337
11449.194
11444.606
11285.888
11381.147
11310.085
11128.400
11092.745
11140.487
11132.275
11454.071
11391.218
11446.864
11400.422
11569.685
11806.390
11845.814
12091.080
12333.358
12585.069
12523.240
12167.341
12160.116
12163.923
12075.847
11874.170
11939.667
11765.033
11673.847
11529.253
11470.019
11278.565
11204.182
11232.836
11302.442
11028.889
10764.229
10683.310
10828.667
10790.545
10724.737
10923.871
10958.410
10936.608
10971.562
11052.764
11152.670
11207.474
11266.215
11250.142
11043.915
10998.955
10865.563
10776.221
10749.027
10570.379
10486.332
10360.359
10291.095
10292.916
10089.221
9967.348
10018.182
9733.374
9582.627
9735.561
9854.385
9639.979
9584.283
9666.168
9651.550
9784.154
9847.296
9869.900
9878.608
9935.458
9790.176
9831.497
9925.119
9877.765
9861.692
9732.029
9629.723
9546.120
9515.673
9230.448
9162.502
9198.319
9119.957
