14081.404 9813.697
14210.274 10434.360
14074.714 10287.046
13846.542 10818.369
13757.970 11048.371
13966.345 11145.812
13368.514 11256.773
13037.102 10979.946
12406.902 11105.313
11989.854 10654.391
11784.324 10349.570
11497.753 9972.641
10897.699 9763.062
10797.976 9646.857
10242.877 9340.298
9716.076 8978.273
9148.146 8474.300
8967.190 8002.688
8576.332 7886.775
8392.360 7792.136
8024.213 7963.945
7885.296 7917.902
7679.139 7826.520
7636.776 7859.840
7531.172 8078.891
7323.159 8258.485
7266.266 8430.061
7257.638 8745.289
7227.542 9086.306
7209.460 9634.299
7157.575 9883.036
7255.150 10246.372
7435.529 10761.549
7508.784 10923.686
7515.579 11116.818
7680.364 11267.218
7795.868 11366.707
7849.881 11366.830
7912.289 11251.786
7862.399 10883.016
7859.030 10795.525
7859.636 10572.575
7892.073 10563.312
8048.810 10639.573
7889.082 10621.655
7914.938 10495.531
7998.864 10406.675
8127.691 10307.924
8165.285 10568.635
8065.514 10729.912
8281.550 11235.729
8417.011 11497.540
8603.584 12067.468
8760.314 12718.764
8899.634 13062.942
9056.094 13405.428
9261.066 13828.812
9536.351 14256.051
9573.832 14047.410
9803.963 14279.721
9972.981 13869.383
9955.652 14036.776
9928.474 13827.660
9969.064 13484.814
9929.745 13456.164
9717.155 12835.139
9668.087 12600.857
9522.750 12039.099
9421.983 11870.125
9369.467 11669.608
9159.351 11650.758
9238.122 11250.915
9117.916 10914.280
9219.514 10777.868
9382.340 10638.994
9348.442 10541.358
9521.765 10802.239
9399.896 11254.079
9596.441 11617.967
9686.414 12241.704
9814.092 12626.695
10078.669 13047.281
10048.192 12941.387
10119.219 12973.493
10057.522 13115.228
9975.013 13226.477
9966.157 13235.407
9998.406 13031.896
9998.992 12684.871
9745.139 12283.561
9726.287 12131.296
9701.216 11936.798
9545.851 11600.211
9553.834 11589.645
9373.550 11496.311
9192.802 11436.098
8940.524 10853.508
9112.447 10656.358
9140.176 10360.159
9292.312 10245.745
9249.119 10011.876
9532.706 10149.640
9705.302 10295.105
10012.142 10285.523
10127.849 10414.713
10503.205 10750.559
10843.400 11082.289
11042.813 11369.744
11328.172 11777.641
11657.621 12299.812
11804.156 12247.330
11550.384 12312.602
11926.796 12606.242
11780.549 12293.657
11668.402 12318.686
11448.275 12152.032
11423.598 11998.471
11331.979 11752.195
11150.816 11450.276
10995.575 11141.655
10675.290 10828.282
10676.619 10564.889
10628.364 10507.109
10528.064 10395.908
10674.473 9893.744
10854.743 9689.889
10945.773 9371.259
11244.601 9086.760
11411.895 8743.947
11588.585 8831.455
11855.117 8893.489
12372.136 8859.184
12493.065 8664.635
12661.704 8715.125
12537.824 8776.236
12482.896 8999.632
12409.068 9256.313
12328.206 9383.538
12503.376 9856.725
12246.688 9678.802
12048.542 9376.190
11703.193 9208.863
11459.956 9158.685
11348.294 8932.354
11344.600 8776.212
11214.326 8620.261
11061.815 8272.333
10893.662 8049.484
10575.318 7815.420
10429.985 7670.855
10504.727 7537.351
10674.564 7501.172
10660.651 7425.644
10673.277 7152.390
10710.896 6880.231
11032.264 6840.662
11059.296 7082.980
11454.290 7203.337
11800.218 7042.540
12038.991 7160.051
12318.226 7383.612
12646.845 7544.433
13061.998 7760.845
13337.362 7797.382
13576.005 8117.849
13984.571 8437.964
14379.276 8725.740
14205.492 8807.724
14276.960 8872.134
14512.105 8896.258
15016.676 9132.191
15236.659 9306.978
15400.165 9300.509
15657.765 9551.994
15585.120 9713.637
15496.257 9529.312
15451.939 9239.631
15287.037 9446.725
15327.524 9113.055
15230.170 8879.791
14920.214 8901.597
14552.649 9116.789
14359.696 9090.431
14208.091 9050.451
14191.246 8743.732
14383.696 8669.137
14394.903 8478.508
14719.123 8758.707
14811.308 8725.748
14840.834 8842.254
14668.017 8586.997
14698.841 8417.438
14699.912 8364.591
14631.878 8417.617
14457.933 8455.107
14614.353 8257.844
15109.129 8475.638
15420.618 8554.736
15239.925 8198.769
15084.239 8202.922
