8432.030
8228.060
8067.022
8250.089
7826.113
7673.781
7303.947
6949.326
6509.626
6385.335
6250.582
6271.380
6454.262
6681.057
7137.132
7252.595
7304.104
7392.807
7411.027
7475.934
7337.410
7253.205
7084.553
7103.403
7173.906
7033.544
7372.955
7556.868
7734.370
7987.489
7995.347
7855.172
7539.951
7409.396
7146.973
6928.818
6773.205
6763.865
6969.724
7323.373
7844.419
8209.499
8500.542
8656.362
8801.540
8510.441
8370.264
8134.736
7746.115
7677.095
7582.689
7643.523
8126.850
8705.043
9404.956
9866.903
10017.182
9929.751
9635.779
9405.547
9298.459
9200.921
8942.795
8701.078
8582.245
8978.782
9222.470
9965.127
10574.244
11342.166
11877.857
11917.129
12203.220
12197.585
12120.522
11857.963
11644.347
11377.976
11180.391
11189.844
11237.714
11544.485
12193.597
12948.711
13888.095
14613.542
15379.212
15805.842
15661.576
15243.423
14837.514
14487.593
14150.743
13848.918
13593.672
13206.440
13202.010
13388.767
14103.231
14505.453
14830.213
15252.768
15450.950
15833.932
15687.831
15482.077
15437.945
15017.660
14749.699
14495.193
