205.057
236.222
266.617
303.247
324.227
339.090
353.102
357.099
350.798
340.134
321.527
304.138
281.637
270.679
268.276
268.135
280.187
295.443
304.116
317.066
319.086
326.240
321.722
324.557
314.612
319.966
328.670
343.884
375.866
370.554
382.712
394.419
394.435
392.101
394.883
372.560
361.694
349.121
338.143
337.334
349.451
357.028
378.081
395.478
413.569
408.126
400.290
393.355
375.914
361.589
343.030
343.116
347.027
360.943
372.333
393.988
404.982
426.033
421.756
432.381
415.555
403.194
391.623
375.990
363.065
351.661
355.161
378.028
391.257
402.604
417.029
432.547
429.668
423.665
406.218
388.366
379.048
358.315
341.578
348.000
345.654
353.453
360.110
374.849
390.082
403.958
400.473
395.185
382.838
384.848
365.080
354.561
337.793
319.900
323.810
314.980
334.708
337.817
367.145
376.563
391.668
393.692
392.342
398.653
391.882
376.690
354.039
327.469
325.761
311.950
316.059
316.787
313.505
326.434
332.389
342.244
343.570
345.683
341.260
351.685
348.009
360.067
348.908
345.066
347.381
348.706
340.177
337.687
327.889
314.866
