11801.147 8292.081 8057.442
11958.850 8343.923 7796.338
11576.547 8493.777 7787.299
11497.582 8287.841 7174.792
11048.825 7705.689 7095.978
10677.520 7453.270 7168.304
11021.626 7006.646 6991.299
10368.185 6892.556 6982.271
9992.036 7095.280 6581.056
9692.047 6747.784 6438.129
9028.218 6861.661 6188.666
8866.648 6485.499 6030.651
8613.944 6146.308 5532.973
8130.457 6065.599 5296.029
8045.596 5830.263 4913.197
7608.739 5598.273 4778.681
7560.614 5396.821 4604.949
7265.722 5140.422 4481.503
7153.208 4890.286 4421.356
6888.985 4799.999 4401.547
6708.900 4729.974 4373.677
6597.468 4822.448 4235.033
6333.494 5128.875 4238.049
6187.977 5157.667 4229.838
6290.994 5229.049 4310.529
6225.855 5404.670 4396.540
6213.534 5587.027 4348.776
6473.309 5600.853 4508.174
6620.967 5799.268 4534.374
6742.769 5846.443 4687.906
7093.695 5899.269 4810.215
7231.804 6181.436 4838.798
7528.807 6449.149 4855.065
7349.698 6691.040 4787.315
7497.317 6891.264 4716.387
7695.682 7034.021 4875.078
7867.413 7299.333 4844.723
7964.715 7434.873 4802.386
8101.963 7558.698 4905.289
8245.906 7656.555 4949.771
8381.465 7751.963 4968.267
8602.744 7795.699 5007.738
8574.910 7882.105 5167.187
8781.489 7859.098 5219.854
8938.428 7853.582 5415.646
9366.859 8054.701 5522.077
9273.559 8156.980 5647.819
9426.586 8400.013 5718.314
9353.938 8622.391 5858.544
9652.562 8830.039 5985.630
9999.328 9188.042 6227.515
10006.955 9777.630 6493.970
10267.078 10091.216 6557.414
10740.884 10618.693 6770.449
10828.596 10994.330 7089.005
11105.961 11607.888 7051.310
11309.950 11908.764 7208.812
11490.721 12316.259 7436.100
11568.693 12641.464 7544.629
11556.821 12776.573 7452.567
11315.776 12926.574 7561.438
11403.955 12931.119 7547.259
11408.003 12693.258 7621.631
11438.225 12439.838 7549.917
11456.053 12374.846 7593.136
11674.951 12452.835 7656.584
11405.425 12337.793 7832.544
11285.890 12153.500 7866.296
11418.894 12279.736 7937.649
11222.331 12040.015 8127.428
10948.987 11820.704 8103.766
10758.504 11743.324 8043.407
10217.605 11694.051 8189.721
9993.188 11720.600 8590.254
9824.823 11830.287 8529.661
9860.998 12131.422 8805.540
10067.233 12595.908 9215.951
10234.943 12807.181 9293.368
10482.112 13324.884 9585.737
10666.182 14060.426 9542.937
10816.288 14047.406 9961.255
10980.056 14625.076 10286.400
11063.516 15040.982 10305.086
10862.616 15036.701 10356.825
10532.195 15064.501 10050.387
10551.377 15274.533 10400.549
10546.896 15061.100 10506.399
10600.570 15019.554 10559.931
10524.213 14859.530 10340.740
10581.577 14673.715 10270.639
10446.826 14441.799 10063.064
10195.924 14085.727 9841.449
10180.623 13905.138 9647.911
10100.550 13704.387 9628.808
10195.271 13699.056 9614.942
10163.611 13542.142 9443.570
10368.028 13154.816 9369.771
10346.277 13122.171 9473.545
10534.803 13466.895 9807.493
10508.306 13747.224 9805.161
10675.887 14355.277 10239.412
10829.758 14980.256 10617.850
10596.390 15523.386 10593.006
10285.680 16286.428 10711.517
10558.124 16909.820 11007.950
10563.063 17688.426 11335.869
10579.253 17945.465 11738.039
10357.254 18458.082 11912.224
10397.796 18730.537 11923.062
10565.649 19303.814 11737.769
10616.322 19285.568 11464.912
10628.956 19462.887 11548.234
10731.854 19430.551 11274.771
10463.654 19091.727 11023.916
10297.343 18803.432 10872.196
10147.904 18638.264 10743.771
10042.894 17867.635 10464.980
9751.227 17547.016 10270.864
9554.094 17118.205 10381.123
9734.305 16904.303 10441.727
9669.596 16409.873 10262.830
9819.993 16041.354 10268.457
9927.245 15847.387 10460.783
10251.383 15750.627 10445.623
10288.850 15803.156 10398.899
10181.991 16095.807 10655.081
10256.216 16205.422 11021.671
10487.008 16601.053 11503.380
10648.886 17322.094 12059.452
10705.612 18073.484 12463.258
10815.692 18769.650 12815.721
10949.313 19273.461 13030.113
11158.007 20110.152 13367.448
10863.317 20178.111 13417.906
10785.176 20619.031 13420.778
10735.168 20498.260 13753.933
10826.811 20663.850 13951.599
10705.333 20523.869 13746.670
10673.573 20417.756 13640.691
10458.153 20278.803 13548.028
10311.909 19745.900 13204.057
10190.513 19520.797 12964.049
9907.307 19082.213 12540.683
9838.630 18664.547 12203.801
9747.882 17915.615 12015.487
9649.270 17533.428 11800.279
9548.341 17142.109 11733.946
9439.302 16840.453 11531.254
9495.648 16690.906 11471.561
9398.183 16181.870 11470.242
9372.746 16230.704 11550.009
9493.939 15915.267 11681.444
9549.938 15649.328 11819.073
10069.145 15981.789 12199.400
10202.090 16585.031 12670.082
10406.086 17009.338 13261.994
10947.470 17839.904 13939.349
11162.917 18357.242 14525.423
11213.103 18795.035 15208.956
11292.685 19758.014 15862.046
11806.197 20500.020 16008.991
11928.244 21067.744 16428.541
12039.637 21789.955 16561.760
12480.530 22055.936 16565.062
12642.719 22487.615 16594.453
12480.537 22417.623 16445.975
11883.439 22346.307 16352.513
11813.196 22421.490 16217.180
11878.716 22182.791 15842.215
11765.062 21709.215 15707.911
11586.291 21365.297 15299.506
11605.134 20791.738 14684.946
11320.422 20143.447 14727.503
11084.667 20235.875 14442.172
11030.747 19928.127 14147.422
11145.079 19528.973 14070.437
11098.248 19344.635 13952.582
10928.361 19313.277 13827.737
10927.818 19177.672 13822.391
10990.940 19304.682 13977.428
11144.169 19422.182 13953.177
11523.664 19766.240 14323.978
11573.548 20278.131 14700.069
11667.684 21046.803 14984.748
11946.498 21708.180 15293.957
12530.017 22181.057 15721.764
12845.237 22703.164 16069.302
13165.615 23743.572 16934.121
13312.995 23953.586 17138.383
13394.204 24646.102 17300.758
13421.773 25026.486 17825.725
13350.606 25468.656 17862.703
13309.659 25913.492 17823.473
13218.832 26059.156 18156.496
13045.342 26063.594 18533.881
13239.468 25722.932 18817.305
13318.267 25697.770 18722.230
13076.652 25827.172 18694.473
13009.420 25775.092 18345.738
13212.141 25587.221 18346.037
