1477.274
1498.378
1491.682
1473.285
1439.163
1396.843
1365.888
1333.231
1299.201
1296.232
1261.994
1254.596
1257.995
1256.153
1269.364
1292.620
1324.375
1366.498
1387.497
1381.289
1381.962
1381.605
1357.636
1349.815
1334.276
1327.447
1326.551
1349.449
1366.892
1384.775
1390.589
1381.336
1376.853
1361.382
1353.967
1326.672
1298.675
1298.760
1286.266
1285.965
1315.817
1345.300
1361.454
1378.666
1387.893
1386.776
1374.650
1364.336
1367.558
1346.423
1355.316
1364.798
1386.121
1417.157
1434.170
1467.165
1482.059
1525.458
1518.755
1550.394
1540.051
1532.174
1530.144
1513.218
1505.693
1536.276
1543.091
1568.201
1585.692
1611.024
1642.571
1679.949
1703.311
1717.684
1725.271
1739.510
1749.102
1759.832
1758.633
1760.900
1779.933
1783.403
1814.523
1827.183
1858.992
1882.873
1896.234
1893.292
1924.625
1893.503
1896.586
1858.770
1870.625
1825.877
1834.117
1854.227
1879.954
1880.141
1896.169
1911.878
1917.838
1920.913
1851.918
1835.062
1797.451
1789.368
1755.927
1815.622
1785.873
1770.982
1782.357
1789.499
