8538.528
8066.342
7516.753
7322.088
6904.060
6568.999
6271.751
6375.687
6329.589
6553.478
6820.317
6927.026
7020.602
7223.496
7181.558
7074.549
6859.894
6722.187
6826.278
6952.681
7392.902
7991.112
8993.342
9782.644
10415.983
10656.907
10874.329
10391.205
9860.155
9464.452
9126.999
8963.566
9028.408
9735.171
10717.131
11607.780
12228.104
12635.722
12709.826
12042.881
11646.965
10929.884
10330.248
9982.815
9834.842
9692.464
10165.694
10894.395
11694.936
12635.914
13189.218
13390.804
13330.745
12908.740
12469.039
11791.632
10966.919
10322.345
10389.135
10663.798
11145.788
12098.559
12760.074
13266.445
13148.758
12974.977
13041.623
12182.306
11772.597
11381.179
10906.238
10722.952
11209.940
11790.484
12206.191
12596.051
13296.542
13318.043
13290.521
12946.274
12995.073
12669.051
12197.863
11981.048
11801.361
11400.294
11518.910
11808.089
12562.893
13065.332
13612.964
13518.408
13205.221
13089.608
12835.630
12557.120
12567.072
12445.879
12339.466
12442.859
12519.931
12777.213
13156.060
13658.758
14040.533
13858.662
14016.528
13894.740
13740.808
13300.823
