13851.451 8824.434 8519.105 9438.686
13855.529 8695.427 8492.767 9471.884
13856.826 8597.057 8434.442 9439.638
13985.834 8510.779 8393.533 9106.908
14045.479 8412.079 8393.374 8974.854
14172.904 8457.180 8381.693 8886.445
14318.760 8575.512 8448.597 8881.004
14484.641 8625.234 8500.347 8843.294
14651.586 8613.803 8623.861 9014.614
14699.527 8614.908 8664.016 9008.573
14760.559 8542.470 8801.871 8981.963
14741.480 8496.394 8783.279 8845.272
14743.815 8405.141 8721.538 8751.480
14684.028 8398.379 8726.336 8656.766
14762.728 8338.973 8647.478 8626.386
14644.793 8198.671 8722.337 8520.399
14479.615 8119.643 8627.288 8432.961
14509.787 8093.103 8545.511 8497.099
14441.035 8023.873 8458.772 8280.930
14152.245 8039.524 8447.313 8186.203
13993.566 7983.812 8364.520 8082.038
13917.246 7924.445 8252.391 8212.438
13763.247 7859.870 8203.611 8126.525
13752.126 7865.061 8212.692 8157.760
13725.363 7898.235 8215.409 8201.994
13660.560 7964.670 8276.812 8092.051
13744.827 8022.942 8364.920 8207.467
13716.322 8051.814 8382.549 8223.562
13984.346 8210.215 8545.294 8288.923
14186.353 8289.497 8706.282 8395.774
14383.841 8389.226 8907.647 8470.320
14741.993 8499.982 9119.321 8594.121
15281.968 8680.791 9341.256 8689.753
15781.541 8839.870 9639.861 8878.206
16383.720 8885.837 9815.541 8909.190
17017.350 9066.504 10052.437 9074.941
17457.158 9228.120 10421.576 9219.996
17932.350 9373.409 10561.107 9391.214
18276.848 9425.521 10741.713 9605.128
18483.742 9555.916 10777.399 9714.325
18531.973 9643.067 10799.950 9871.569
18660.639 9598.297 10857.986 9892.820
18600.566 9535.864 10868.456 9973.902
18426.209 9475.951 10868.275 10032.416
18283.826 9407.575 10744.312 10037.193
17923.318 9319.821 10614.151 10043.916
17631.951 9253.977 10503.646 9838.021
17424.318 9060.324 10357.891 9738.382
17127.799 8869.503 10129.859 9636.840
17000.205 8758.427 9885.095 9465.851
16817.076 8612.872 9651.833 9390.839
16571.238 8518.398 9445.244 9267.944
16386.521 8414.537 9278.757 9033.793
16194.476 8296.685 9179.841 8906.938
16051.776 8205.667 9004.177 8670.968
16169.592 8172.530 9030.271 8657.060
16315.856 8151.547 9024.865 8592.521
16565.027 8163.058 9086.599 8522.101
17039.287 8321.244 9192.958 8569.765
17633.984 8392.779 9345.354 8665.987
18218.500 8505.918 9497.369 8800.569
18813.709 8648.828 9717.290 8887.011
19738.545 8829.728 9975.228 9207.726
20382.445 9060.625 10144.497 9388.209
20958.455 9298.095 10283.154 9598.513
21499.070 9509.826 10543.453 9798.829
21789.738 9677.879 10682.965 9948.318
21973.387 9824.475 10792.272 10104.206
22165.369 9952.103 10840.889 10287.057
22160.721 9924.377 10847.272 10367.055
22147.887 10062.830 10879.275 10606.088
21786.053 10053.079 10852.223 10541.037
21491.410 10010.732 10719.804 10729.790
21284.188 10010.006 10602.367 10674.285
20639.838 9942.163 10453.620 10755.813
20136.463 9853.324 10258.775 10734.335
19623.570 9827.600 10193.993 10701.329
19266.824 9509.790 10115.744 10657.757
18752.549 9447.535 9904.680 10577.979
18165.168 9288.953 9743.829 10469.875
17698.340 9209.832 9690.435 10394.965
17342.959 9013.924 9577.176 10303.947
16976.635 8947.128 9469.803 10197.407
16729.406 8839.295 9328.683 9981.605
16533.693 8811.523 9269.794 9817.767
16642.980 8776.428 9205.441 9693.865
16834.809 8870.023 9295.765 9751.956
17350.486 8874.083 9377.823 9615.925
17926.654 8912.259 9692.741 9578.034
18770.934 9009.749 9998.029 9608.742
19892.400 9184.979 10417.225 9587.961
20979.303 9428.923 10877.856 9610.484
21866.492 9696.568 11395.677 9799.066
22825.766 9945.743 12070.147 10046.627
23858.520 10194.571 12612.987 10346.242
25140.615 10476.894 13085.878 10634.685
25659.451 10979.375 13679.032 11037.358
26240.652 11246.150 14108.856 11526.457
26410.439 11459.014 14536.969 11879.734
26520.432 11786.658 14946.153 12274.200
26636.596 12023.744 15142.776 12810.898
26560.762 12215.965 15368.569 13128.071
26216.531 12406.316 15855.453 13589.763
25857.791 12660.866 15916.424 13927.618
25435.734 12757.342 15856.299 13962.991
24855.941 12827.480 15897.213 14377.750
24178.727 12971.620 15780.696 14370.516
23682.309 13108.009 15519.963 14412.070
23220.766 13178.913 15353.032 14663.725
22680.867 13182.620 15129.792 14799.022
22335.338 13250.873 15038.074 14777.819
21781.709 13109.306 14764.257 14501.086
21350.131 13082.145 14430.160 14262.321
21225.797 13098.103 14473.122 14203.960
21002.967 13103.755 14333.612 13983.871
20980.875 13112.044 14177.852 13739.105
20996.105 13087.757 14164.405 13550.109
21522.543 13105.842 14032.946 13373.143
22208.250 13186.738 14150.957 13089.510
22939.113 13437.692 14291.813 12847.811
23869.158 13521.176 14251.019 12705.412
24833.551 13546.943 14401.581 12677.850
26154.748 13634.079 14729.901 12404.843
27292.828 13845.253 14935.831 12253.443
28559.924 13942.953 15282.311 12336.592
29489.621 14073.468 15727.476 12468.129
30370.463 14136.437 16050.298 12532.604
31155.352 14402.797 16440.578 12806.541
31932.943 14614.188 16775.393 13084.808
32652.568 14677.706 17092.678 13424.337
32802.883 14749.257 17242.295 13652.946
32985.801 14860.079 17496.537 13948.960
32972.543 15155.307 17676.688 14388.018
33170.520 15266.786 17921.867 14758.350
33174.820 15216.585 17874.613 15056.814
33012.188 15129.419 18046.736 15406.089
32478.551 15187.264 18043.867 15950.051
31991.197 15258.600 17932.754 16363.333
31414.459 15250.581 17963.209 16714.658
30931.729 15151.604 17782.527 16830.330
30661.867 15200.860 17570.320 17266.992
30084.619 15102.354 17347.098 17337.984
29409.883 15183.829 17160.617 17645.387
29068.070 15075.257 16920.275 17754.375
28650.340 14838.763 16542.592 17660.135
28461.545 14980.061 16417.629 17837.617
28162.449 14912.231 16088.486 17977.840
27831.777 14954.777 15804.627 17999.283
27804.871 15249.922 15686.930 17974.631
27750.080 15246.522 15445.521 17779.232
27914.061 15226.850 15245.188 17802.230
28241.799 15065.585 14954.157 17873.559
28330.859 14946.844 14663.257 18024.941
28616.570 14920.020 14451.069 17800.730
29161.133 14918.403 14359.782 17658.586
29633.627 14698.413 14065.127 17592.693
30053.975 14496.687 13596.153 17311.072
30393.301 14429.469 13517.296 17262.852
30819.611 14288.826 13316.592 16962.947
30877.609 14042.919 13195.880 16728.426
30841.541 13755.043 13094.949 16525.885
30660.426 13548.335 13006.854 16208.955
30611.723 13400.497 12812.655 15766.647
30775.885 13082.107 12541.045 15646.686
30542.537 12843.862 12275.172 15361.038
30148.652 12565.191 12173.254 15067.404
29351.840 12454.824 11969.641 14716.645
29098.377 12158.313 11906.991 14445.894
28479.439 11896.213 11804.246 14208.506
27900.154 11693.203 11646.674 13946.001
27533.289 11386.475 11486.111 13740.030
27058.371 11115.436 11188.966 13413.553
26515.926 10851.698 10885.845 13151.744
26097.551 10665.972 10799.293 12958.301
25546.137 10376.932 10641.751 12483.999
25171.164 10011.936 10402.589 12208.486
24842.312 9856.536 10113.726 11982.058
24393.215 9509.907 9865.121 11778.965
24136.318 9379.006 9666.484 11622.669
23812.094 9215.278 9430.654 11406.461
23725.766 8990.907 9339.054 11253.712
23573.041 8787.967 9189.304 11012.489
23570.576 8622.139 8825.445 10725.274
23594.527 8431.992 8637.565 10502.152
23801.701 8242.967 8429.513 10226.149
23691.549 8087.084 8123.233 9999.056
23599.709 7864.554 8001.377 9826.602
23561.352 7776.295 7902.401 9703.049
23403.236 7582.562 7666.363 9402.476
23188.174 7513.663 7503.304 9213.102
22848.455 7353.668 7493.535 9063.541
22550.391 7232.879 7347.799 8894.994
22169.598 7104.303 7221.298 8785.143
21675.264 6986.702 7133.047 8616.930
21329.523 6943.485 7152.424 8514.113
20978.793 6818.086 6988.482 8417.269
20577.416 6710.695 6875.439 8306.443
20182.453 6594.904 6764.914 8120.197
19618.287 6493.006 6589.264 8013.583
19136.828 6402.895 6365.345 7921.713
