6818.719 11552.307 13969.176
6890.100 12056.223 14322.709
6987.021 11813.818 14258.082
6897.871 11638.445 13900.409
6778.948 11299.183 13794.833
6605.190 10906.540 13497.658
6426.014 10604.525 13253.281
6231.507 10041.399 12792.152
6010.107 9736.247 12470.159
5789.918 9295.740 11905.782
5523.704 8772.800 11515.731
5291.485 8326.440 11073.172
5092.497 7992.075 10648.222
4936.823 7712.068 10335.704
4832.872 7502.676 10035.469
4825.200 7412.835 9795.645
4686.881 7181.990 9447.119
4729.990 7171.874 9361.519
4770.649 7128.917 9387.971
4820.286 7125.239 9461.315
4840.812 7221.857 9576.565
5066.702 7367.448 9738.076
4980.584 7363.453 10021.364
5111.503 7628.181 10330.714
5070.995 7698.681 10674.263
5062.471 7768.614 10988.418
5047.667 7936.968 11338.403
4987.553 8016.084 11763.315
4996.101 8113.387 12030.251
5090.360 8259.657 12388.182
5043.325 8206.406 12736.243
5065.168 8220.905 12934.540
5083.845 8259.544 13143.603
7792.306 10071.418 13133.210
7911.084 10201.615 13255.885
7954.495 10283.395 13404.081
8071.612 10350.859 13644.490
8130.017 10487.846 13878.302
8218.599 10489.848 14125.217
8285.431 10581.335 14333.473
8398.804 10677.531 14546.263
8529.596 10854.626 14768.775
8684.274 11130.135 15083.998
8868.378 11355.104 15315.492
9125.089 11672.047 15576.141
9334.986 11891.846 15859.836
9534.854 12195.433 16093.467
9643.687 12446.727 16345.486
9687.392 12687.238 16665.215
9783.742 12951.853 16864.805
9877.002 13079.287 17051.920
9995.778 13211.468 17094.982
10120.253 13364.166 17389.348
10169.548 13486.781 17532.947
10276.999 13616.859 17441.057
10276.488 13652.834 17637.367
10310.765 13643.146 17429.502
10301.334 13631.489 17307.664
10247.797 13527.797 17193.605
10199.651 13505.399 17036.680
10116.640 13386.781 16826.930
10007.960 13262.651 16636.410
9945.775 13105.009 16529.953
9882.460 12948.220 16415.311
9752.498 12759.796 16140.748
9715.727 12526.104 15989.135
9618.078 12405.010 15796.826
9529.977 12344.978 15663.529
9491.345 12268.434 15692.690
9483.159 12291.831 15677.251
9453.226 12204.303 15654.816
9379.852 12276.604 15639.374
9405.096 12351.637 15582.772
9439.470 12487.283 15583.244
9410.376 12573.864 15510.003
9364.473 12745.091 15544.877
9346.414 12778.151 15542.012
9312.709 12794.929 15561.467
9366.271 12832.403 15635.112
9323.735 12879.238 15411.372
9290.260 12987.380 15385.768
9136.599 13056.312 15390.123
9064.643 13040.004 15390.005
9038.306 13127.535 15217.385
8962.826 12915.650 15025.540
8827.575 12823.838 14812.758
8722.604 12597.293 14771.350
8559.640 12481.498 14707.513
8492.562 12276.940 14796.066
8435.141 12186.704 14827.160
8406.593 12007.926 14717.995
8338.254 11809.938 14585.159
8363.074 11678.776 14713.484
8353.847 11554.388 14712.367
8378.734 11372.833 14826.464
8446.803 11307.014 14981.859
8515.396 11400.098 15097.112
8602.008 11509.526 15435.488
8667.025 11556.784 15743.153
8771.087 11809.796 15992.353
8898.374 12038.881 16199.539
9039.025 12353.199 16330.956
9172.019 12665.011 16590.143
9150.288 12903.662 16711.496
9158.355 13179.290 16891.141
9196.070 13308.719 16928.389
9267.928 13505.084 16921.672
9256.145 13644.559 17011.881
9266.248 13708.562 17007.688
9187.873 13762.461 16978.258
9250.545 13784.120 16896.590
9259.080 13786.342 16849.785
9162.567 13716.910 16664.811
9139.232 13594.826 16558.594
9128.138 13471.564 16535.137
9092.171 13413.111 16590.994
9069.522 13387.188 16532.002
9078.726 13274.094 16542.439
9105.716 13250.059 16562.648
9064.253 13084.342 16490.006
9115.423 13158.513 16584.496
9171.567 13239.584 16763.838
9296.947 13372.031 17075.041
9374.814 13545.644 17314.828
9557.667 13736.062 17594.018
9668.423 13917.396 17966.963
9806.013 14224.141 18316.205
9986.892 14428.661 18703.396
10200.110 14849.384 18961.426
10336.706 15126.421 19224.455
10479.276 15403.439 19281.100
10508.719 15478.306 19156.922
10532.110 15565.656 19179.111
10537.858 15710.590 19084.002
10490.105 15915.845 18836.291
10504.160 16274.666 18896.523
10451.719 16243.920 18736.996
10425.670 16246.660 18757.883
10351.804 16311.377 18747.381
10202.354 16236.370 18640.135
10014.956 16174.245 18535.930
9946.926 16123.232 18506.260
9829.937 16041.067 18435.439
9597.899 15768.283 18262.719
9513.407 15693.412 18271.385
9379.340 15582.451 18403.535
9362.970 15520.616 18476.656
9336.805 15472.730 18799.512
9463.339 15595.173 19085.893
9543.428 15651.977 19127.869
9665.899 15839.800 19419.781
9789.429 16091.738 19511.008
9960.121 16487.652 19608.715
10150.300 16790.584 19728.037
10352.609 17263.184 19907.215
10619.312 17647.221 19980.791
10867.012 18086.635 20131.271
11017.771 18526.961 20318.580
11172.522 18806.795 20423.652
11311.979 19052.252 20279.672
11405.622 19396.996 20124.244
11543.275 19565.621 20006.076
11564.432 19629.514 19946.949
11512.240 19577.219 19868.770
11358.441 19414.033 20055.514
11207.896 19228.246 19861.234
11105.047 19176.295 19913.400
10901.349 18771.477 19820.229
10688.214 18597.596 19853.863
10491.593 18244.893 19859.088
10375.447 18013.748 19918.479
10205.961 17938.775 19803.844
10036.210 17816.949 19870.229
9942.851 17520.773 19968.436
9885.359 17179.107 20074.496
9820.777 16953.822 19999.555
9796.173 16827.840 20024.809
9804.885 16739.543 20121.127
9783.382 16661.371 19954.082
9849.902 16806.158 20046.988
9780.961 16650.320 20161.416
9822.681 16717.404 19943.885
9970.297 16648.113 19648.006
10187.960 16777.447 19771.660
10398.144 16858.684 19711.111
10575.243 17021.887 19602.182
10785.003 17050.256 19803.609
10901.187 16835.256 19618.836
11085.198 16842.059 19583.139
11185.179 16671.531 19567.895
11334.074 16710.729 19740.580
11367.691 16513.463 19969.746
11299.851 16225.822 20017.234
11270.209 16028.758 20377.656
11168.510 15855.521 20494.166
11073.723 15687.811 20638.387
10877.702 15405.020 20904.812
10666.962 15203.759 21006.648
10425.464 14937.986 21132.439
10165.560 14696.066 21339.416
