11215.346 12437.149 13755.493
11044.998 12556.781 13657.733
10786.608 12391.727 13227.490
10753.589 12203.586 12929.020
10566.433 12154.814 12808.606
10641.771 12283.312 12717.186
10600.662 12238.591 12538.060
10574.784 12354.253 12427.104
10586.625 12064.186 12260.119
10968.636 11860.518 12105.704
11069.527 11709.893 12154.917
11080.839 11779.312 12068.699
11070.231 11465.797 11851.261
11161.632 11330.141 11689.349
10902.900 11318.176 11581.580
10916.159 11257.382 11502.162
10821.858 11316.975 11447.840
11027.323 11236.868 11304.679
10974.107 11271.644 11195.000
10927.433 11086.247 11085.859
10996.274 11209.467 11083.205
10922.344 11192.319 11140.618
10839.538 11321.229 11136.842
10796.298 11333.657 11282.211
10726.087 11500.653 11351.689
10731.106 11725.688 11568.272
10707.455 11758.395 11728.173
10552.835 11760.527 11692.635
10715.313 12047.490 11859.176
10931.525 12317.858 11834.595
11050.394 12633.251 11839.948
11293.379 12875.852 12046.096
11718.089 13032.853 12272.296
12027.226 13239.371 12423.253
12569.993 13663.423 12401.969
12770.704 14022.405 12505.740
13174.960 14403.213 12640.699
13404.752 14613.670 12709.485
13652.102 14905.967 12860.145
13883.001 15062.381 12884.935
14043.798 15180.751 12973.779
14101.699 15257.751 13035.220
14266.548 15334.612 13123.333
14287.113 15560.603 13272.525
13995.563 15365.226 13504.066
14001.489 15232.329 13739.234
13836.757 15320.395 13870.049
13533.162 15184.918 13979.681
13313.520 15066.947 14073.250
13093.271 15047.910 14307.232
13057.056 15051.599 14223.368
12931.907 14832.741 14195.068
12729.591 15009.611 13992.518
12478.540 15159.213 14179.739
12312.312 15248.709 14187.205
12154.154 15318.328 14006.279
12036.379 15506.644 14165.444
11987.573 15608.217 14317.161
12018.461 15468.526 14341.891
12124.884 15642.971 14334.874
12159.640 15817.224 14429.495
12439.762 15618.961 14411.877
12636.841 15805.383 14689.517
12956.013 15594.771 14573.150
13193.364 15638.018 14747.207
13421.964 15698.628 15121.639
13545.961 15592.822 15284.781
13691.875 15345.300 15704.502
13717.422 15268.138 15927.683
13799.559 15181.911 16233.791
13862.311 14975.316 16553.305
13874.275 14871.305 16768.225
13885.133 14584.653 17163.582
13754.962 14511.474 17710.141
13577.115 14368.765 17892.391
13492.916 14326.756 18073.611
13227.966 14283.067 18191.682
13016.400 14335.661 18291.496
12749.728 14495.356 18223.795
12532.758 14648.564 18401.582
12250.555 14529.964 18432.840
11905.025 14524.636 18426.238
11646.263 14667.574 18431.090
11428.845 14524.082 18490.508
11288.971 14618.130 18607.621
11131.115 14645.157 18873.656
11064.653 14545.538 19338.146
11016.028 14609.123 19535.271
10994.080 14799.906 19739.430
11057.245 15120.170 19946.803
11262.833 15267.937 20306.154
11609.050 15284.112 20735.635
11975.434 15247.893 20839.818
12558.598 15431.947 21183.234
13024.703 15751.556 21462.115
13623.415 16081.475 21731.920
14070.500 16132.653 21971.842
14764.315 16132.447 22344.023
15390.059 15655.913 22344.744
15686.541 15863.896 22106.322
15969.477 16069.357 21909.221
16312.422 16091.579 21677.643
16404.625 16075.033 21758.498
16688.549 16121.324 21636.568
16677.707 15898.688 21628.996
16710.473 15621.690 21509.371
16630.674 15568.825 21583.730
16429.168 15577.184 21625.215
16283.159 15468.146 21379.154
16053.317 15623.996 21256.385
15831.873 15326.296 21543.133
15693.224 15406.428 21772.361
15392.689 15735.862 21857.074
15151.911 15884.611 22174.229
14964.868 15953.336 22417.277
14636.211 16286.534 22556.904
14425.370 16836.895 22724.059
14148.731 17128.332 22366.564
13967.280 17361.662 22495.072
13843.216 17888.250 22478.922
13852.922 18208.113 22990.932
13858.020 18508.482 23493.855
14138.561 18920.057 23971.555
14485.248 19211.029 24502.814
15001.790 19419.135 25368.031
15593.558 19826.309 25854.414
16011.363 20001.238 26088.127
16898.432 20160.994 26909.641
17724.209 20469.252 27522.295
18500.688 20846.539 27454.424
18942.510 20630.721 27916.596
19721.148 20753.354 27968.686
20188.824 20438.758 28500.092
20655.020 20199.451 28717.314
20703.949 20180.844 28752.266
20893.242 20125.137 29091.330
20914.221 20253.195 28855.029
20573.896 20316.604 28271.729
20551.645 20518.777 28373.557
20347.781 20683.072 28250.621
20323.936 20418.031 28221.424
20090.070 20420.695 27551.086
19805.756 20188.312 27406.121
19556.305 19784.551 27028.168
19379.992 19967.377 27242.230
19309.309 20235.016 27045.225
19066.998 20527.008 26756.486
18933.840 21032.506 26262.104
18649.979 21070.322 26142.566
18245.383 21378.498 25646.104
17939.852 21354.672 25786.715
17827.773 21476.928 25765.168
17650.949 21602.670 25810.807
17513.980 22330.359 25865.613
17434.762 22805.016 25645.818
17420.639 23242.096 25036.514
17397.049 22901.834 25189.258
17276.479 23509.328 25276.830
17241.035 23565.650 25099.789
17199.574 23488.576 25004.432
16928.826 23306.770 24951.223
16912.176 23085.359 24935.746
16661.367 22944.141 24926.791
16617.926 23008.848 24515.049
16437.275 22877.162 23807.789
16204.832 22577.834 23494.828
16082.699 22423.500 23351.812
15640.977 22435.977 22815.740
15458.339 22068.730 22576.451
15196.181 21567.928 22418.688
14860.317 21305.342 21830.602
14543.456 20928.904 21497.510
14517.317 20824.314 21084.459
14480.959 20346.725 20824.354
14202.718 19951.250 20292.789
13865.504 19512.143 19745.547
13420.699 19439.260 19554.812
13076.138 19191.346 19071.463
12699.473 18567.564 18817.076
12515.898 18119.518 18557.791
12000.381 18104.268 18401.312
11943.355 17465.307 17855.650
11585.721 17154.309 17682.451
11386.934 17380.580 17308.594
11233.064 17317.740 17130.473
11001.515 17050.613 16965.516
10760.181 16584.926 16653.596
10650.447 15909.018 16447.848
10646.954 15771.515 16242.376
10506.783 15394.742 16088.979
10341.365 14744.556 15908.535
10147.529 14622.271 15722.799
10085.417 14305.661 15422.123
10122.478 14039.532 15355.363
9819.649 13705.751 15028.930
9824.689 13667.283 14916.169
9739.968 13562.467 14593.438
9531.723 13421.626 14450.716
9350.074 13352.479 14087.417
9244.781 13372.777 13938.679
