14998.116 17184.105 14151.181 14995.150 12014.904 10286.743 10685.498
15148.060 17511.148 14288.110 15074.947 11985.818 10249.923 10639.909
15161.180 17636.736 14401.774 15156.836 12025.864 10266.573 10327.852
15303.027 17802.475 14648.062 15273.021 12029.266 10384.446 10322.737
15561.355 17912.354 14663.692 15385.039 12074.904 10486.237 10384.594
15725.396 17985.488 14821.757 15660.840 12257.643 10596.542 10304.420
15810.299 18254.461 14952.846 15886.511 12336.708 10623.706 10145.221
15929.541 18436.234 14981.177 15951.897 12439.736 10706.119 10087.968
16041.688 18599.375 15018.833 15822.948 12429.134 10734.275 10116.774
16059.709 18460.016 14922.591 15754.845 12464.644 10749.821 10183.290
16060.022 18455.385 14884.947 15601.904 12510.037 10686.641 9953.861
15895.089 18216.828 14752.866 15570.264 12521.307 10581.458 9924.922
15808.548 18314.303 14704.345 15552.364 12650.474 10536.863 9836.969
15654.875 18065.016 14445.197 15497.009 12567.331 10468.968 9915.883
15525.225 17844.604 14240.190 15467.527 12506.920 10387.732 9749.632
15495.904 17819.195 14284.677 15338.352 12568.005 10310.598 9757.442
15501.936 17646.494 14007.784 15243.700 12596.399 10278.026 9801.005
15448.739 17499.180 13895.214 15118.983 12622.441 10237.973 9821.976
15446.925 17444.748 13867.643 15117.441 12798.831 10246.361 9707.731
15578.580 17296.295 13730.896 15031.676 12898.254 10333.944 9676.819
15727.097 17223.949 13608.860 15054.878 12972.731 10358.971 9684.301
16009.275 17329.984 13573.364 15347.293 13002.365 10402.366 9731.734
16203.306 17413.230 13703.026 15582.130 13132.920 10576.642 9725.445
16527.340 17629.643 13796.947 15914.646 13239.694 10717.410 9921.482
16823.709 17843.189 13978.621 16224.007 13647.979 10886.469 10229.518
17117.453 18330.395 14242.707 16714.166 13941.168 11103.869 10511.350
17567.180 18624.910 14552.524 17128.422 14203.169 11375.063 10759.164
17923.865 19074.762 14860.491 17505.305 14409.613 11566.595 10838.638
18379.133 19664.174 15314.331 18033.537 14778.218 11978.829 11151.101
18750.316 20216.219 15678.075 18517.529 15015.028 12165.723 11310.271
19189.844 20963.811 16067.102 18875.908 15491.495 12418.136 11834.173
19778.422 21600.465 16373.411 19294.625 15623.686 12556.469 12059.053
20224.816 21964.488 16756.514 19458.098 15788.866 12814.438 12303.211
20692.605 22395.578 16991.654 19485.785 15894.236 13051.286 12309.017
21056.062 22630.678 17222.783 19750.717 15936.029 13127.162 12463.277
21367.174 22838.100 17432.254 19742.805 16219.084 13220.110 12754.794
21439.465 23105.896 17477.246 19647.896 16343.985 13401.984 12740.556
21531.682 22958.963 17544.904 19591.248 16086.507 13266.143 12614.509
21535.113 22740.975 17619.062 19401.572 16052.873 13247.838 12591.983
21445.055 22316.598 17620.316 19221.508 16039.494 13175.963 12512.280
21469.676 22086.854 17419.037 19076.160 15815.229 13103.734 12429.175
21396.016 22024.520 17226.184 18853.123 15756.401 12940.019 12376.321
21320.639 21605.393 17102.879 18574.658 15710.229 12829.994 12240.986
20945.383 21080.598 16764.135 18312.566 15713.718 12727.795 12069.966
20855.256 20583.881 16436.189 18080.641 15720.295 12648.766 11946.273
20759.977 20194.941 16170.487 17875.143 15713.740 12387.674 11798.143
20730.289 19899.537 15904.265 17635.768 15784.210 12307.184 11787.097
20608.195 19481.705 15547.629 17523.254 15811.578 12068.827 11734.624
20590.617 19127.467 15324.813 17521.650 15741.354 12054.286 11655.400
20475.285 19092.623 15166.742 17407.988 15992.109 12026.550 11583.356
20430.670 19100.879 15189.272 17700.105 16194.863 11956.004 11552.302
20542.174 19042.211 15077.709 17951.695 16205.590 11843.380 11474.876
20794.119 19278.277 15117.710 18332.350 16355.884 11981.688 11430.407
20983.262 19531.732 15120.566 18701.576 16441.486 12060.418 11475.291
21191.781 19958.844 15229.930 19162.760 16552.412 12257.000 11496.850
21664.871 20564.787 15470.853 19614.697 16702.500 12395.563 11661.399
22093.971 21118.906 15798.851 20227.480 16890.053 12651.682 11745.656
22678.930 21535.684 16002.294 20703.170 16930.781 12938.274 12042.711
23062.971 22128.062 16373.763 21321.070 17158.295 13349.525 12225.527
23454.273 22678.879 16820.586 21741.967 17514.410 13613.719 12508.509
23719.840 23139.553 17105.510 22068.215 17768.250 13817.491 12573.574
24132.762 23462.918 17285.299 22145.518 18056.137 13791.282 12671.813
24529.740 23812.227 17507.660 22116.139 18155.170 13850.253 12765.467
24570.879 23866.596 17686.391 22103.246 18152.285 13785.952 12854.648
24632.363 23917.092 17708.061 21983.975 18192.988 13743.756 12990.613
24681.033 23814.502 17715.375 21856.096 18027.732 13535.870 12970.451
24466.457 23517.844 17731.266 21509.088 17985.984 13482.238 12924.115
24297.250 23133.059 17619.363 21143.797 17809.959 13210.517 13123.981
24084.510 22911.396 17525.721 20721.576 17695.488 13054.208 13023.531
23637.340 22385.781 17342.010 20397.871 17409.980 12639.386 12760.238
23294.209 21913.996 17320.924 20114.219 17116.518 12484.246 12624.638
22861.744 21460.352 17066.709 19663.043 17032.781 12217.997 12431.428
22497.516 20841.789 16770.678 19333.324 16572.734 11987.132 12300.176
22236.139 20393.799 16532.814 19011.145 16562.348 11742.106 12138.583
22009.148 20097.104 16236.937 18988.111 16289.479 11371.854 11999.271
21705.523 19689.904 15974.309 18881.891 16446.371 11113.190 11823.427
21626.102 19554.174 15755.542 18816.199 16352.071 10889.898 11555.223
21423.787 19200.701 15589.256 18808.176 16286.346 10681.564 11434.920
21455.123 19139.195 15521.963 19028.617 16146.029 10569.757 11391.091
21610.244 19207.670 15425.652 19218.965 16185.345 10502.502 11403.633
21881.984 19298.316 15345.889 19580.666 16197.174 10544.432 11416.573
22154.580 19834.250 15338.396 20174.719 16378.760 10545.521 11514.195
22625.387 20413.414 15416.645 20613.314 16524.633 10676.081 11546.202
23207.863 21039.754 15517.195 21078.879 16849.193 10822.174 11587.646
23691.150 21754.359 15722.193 21827.836 17317.273 11095.101 11724.267
24293.238 22434.137 15883.594 22443.688 17682.127 11523.417 12046.556
25133.375 23221.840 16273.686 23091.604 18127.436 11884.801 12343.842
25813.885 24181.836 16650.764 23603.996 18566.369 12280.966 12683.783
26446.904 25015.676 16929.840 24130.430 18931.434 12669.078 13005.143
27219.361 25530.900 17228.994 24388.570 19245.936 13064.699 13148.326
28035.816 26175.957 17469.000 24755.262 19670.547 13409.850 13551.924
28478.633 26485.262 17833.375 24904.590 19981.984 13780.912 13940.426
28879.154 26911.959 18221.205 24975.266 20259.613 13874.646 14349.249
29096.881 27280.008 18236.834 24839.701 20354.262 13920.245 14573.587
29191.832 27486.938 18316.430 24672.506 20371.184 14113.486 14853.629
29097.355 27478.838 18347.273 24505.150 20440.170 14108.800 14897.995
28994.057 27326.613 18331.012 24351.404 20481.459 14114.587 15182.757
28709.947 27158.383 18245.049 23966.352 20574.188 14010.090 15145.306
28289.283 26522.893 18198.645 23494.078 20398.986 13726.826 15070.286
27790.482 26187.875 18058.475 22957.184 20170.588 13573.105 14901.382
27426.205 25566.305 17926.340 22468.656 19947.932 13381.012 14714.634
27020.869 25045.674 17698.529 22105.395 19677.854 13134.506 14379.188
26626.232 24540.754 17659.494 21801.555 19339.436 12857.448 14146.197
26266.656 23918.387 17349.820 21381.613 19003.150 12657.210 14047.400
25894.109 23613.590 17176.979 21194.840 18880.047 12511.945 14008.270
25588.010 22974.869 17004.721 20971.025 18578.865 12259.171 13913.590
25236.572 22561.115 16956.592 20642.881 18420.863 12017.345 13745.076
25047.533 22206.020 16800.404 20657.043 18114.498 11937.635 13529.755
24829.783 22077.086 16618.322 20720.162 17891.559 11903.326 13560.284
24873.434 22028.637 16633.758 20888.822 17858.693 11815.057 13269.904
25116.516 22386.385 16805.053 21348.432 17990.002 11833.142 13297.845
25253.020 22575.543 16963.031 21873.029 17927.127 11834.944 13375.580
25610.324 22869.959 17117.660 22467.953 17977.676 11975.684 13381.098
26272.416 23612.564 17216.936 23043.318 18108.883 12268.975 13503.546
26953.637 24363.959 17635.590 23803.146 18516.213 12593.914 13651.479
27873.855 25266.891 17931.615 24517.557 18668.525 12967.118 13989.597
28716.141 26212.770 18305.082 25231.299 19058.287 13537.762 14369.945
29577.445 27094.174 18781.055 25919.867 19482.887 14139.899 14434.767
30599.594 28043.209 19216.195 26769.203 19920.811 14685.794 14762.142
31490.250 28616.512 19576.238 27455.830 20277.844 15469.005 14996.939
32484.447 29327.543 20036.561 28044.729 20907.408 16132.739 15083.171
32905.566 29555.682 20506.975 28286.102 21139.133 16900.867 15464.574
33512.520 30208.410 20809.262 28650.562 21391.037 17517.605 15865.075
33781.789 30325.615 21122.828 28893.750 21667.922 18146.512 16185.339
33983.633 30932.955 21415.828 28940.734 22050.938 18465.234 16407.824
33934.340 30808.359 21463.279 28720.111 21910.861 18972.102 16735.869
33891.559 30275.910 21434.254 28344.039 21969.625 19212.594 16528.363
33793.465 30081.639 21643.020 27957.643 22010.959 19467.000 16608.963
33559.566 29803.180 21385.012 27634.150 21812.283 19765.115 16877.154
33272.449 29253.883 21237.289 27260.559 21430.197 19824.488 16913.178
32992.848 28660.488 21093.197 26743.098 21198.725 19832.195 17134.902
32362.492 28197.662 20764.898 26386.471 20963.746 20036.393 16983.455
31898.742 27729.969 20440.240 26016.211 20662.354 19834.115 16820.910
31503.895 27130.635 20388.684 25620.490 20385.709 19575.922 16787.652
30936.945 26549.482 20013.992 25129.719 20009.920 19360.490 16803.096
30752.980 26145.604 19951.502 24829.232 19823.008 19218.391 16880.646
30334.904 25494.961 19625.539 24582.363 19620.500 19105.441 16988.693
30283.188 25101.895 19649.834 24498.000 19454.736 19001.387 17219.852
30247.830 24857.514 19588.402 24477.582 19204.270 18936.002 17171.008
30104.652 24677.992 19395.607 24633.172 19084.277 18896.141 17080.740
30270.104 24730.320 19744.381 24979.812 19083.139 18669.820 16861.709
30578.920 24927.152 19852.693 25428.355 18970.875 18505.168 16746.422
30932.961 25343.182 20121.955 26131.254 18682.965 18525.096 16828.477
31374.818 26109.258 20439.943 26724.945 18958.072 18575.004 16954.459
31736.625 26685.227 20850.391 27400.545 19092.672 18505.744 17043.869
32444.109 27506.125 21159.023 28194.162 19220.283 18735.332 17309.824
33251.355 28577.289 21737.404 28978.410 19610.955 18871.404 17629.285
33950.715 29628.650 21972.291 29355.389 20136.691 19126.527 17806.795
35017.262 30793.236 22581.082 30238.654 20656.688 19437.240 17984.773
35539.688 31520.867 22867.598 31055.055 21013.906 19670.316 18246.344
36224.438 32371.990 23493.371 31788.158 21552.568 20154.521 18790.512
37085.738 32977.320 23900.594 32093.236 22126.139 20687.951 19177.482
37401.855 33690.910 24044.066 32167.654 22611.859 21302.615 19554.293
37969.191 34299.219 24227.811 32101.018 23030.576 22039.016 19791.820
38311.477 34523.328 24914.348 32417.074 23456.229 22572.441 20095.996
38621.832 34394.426 25079.385 33115.539 24185.576 22990.705 20802.102
38551.012 34022.500 24767.846 32721.855 24419.855 23184.990 20966.648
38777.016 33969.586 24855.021 32714.457 24655.980 23560.850 21204.547
38609.445 33675.020 24848.070 32508.785 24940.305 23966.615 21263.615
38599.496 33686.602 24940.422 32648.912 24916.303 24648.486 21399.439
38488.211 33140.605 24786.285 32444.977 25070.867 24996.410 21470.451
38128.227 32884.605 24568.996 32164.203 25381.938 25146.520 21438.146
37963.359 32438.000 24679.318 32131.262 25312.885 25358.684 21499.352
37604.562 31887.961 24450.154 31708.758 25234.299 25548.580 21746.486
37532.273 31245.008 24234.623 31322.422 25015.359 25514.453 21719.002
37185.613 31005.145 24075.109 31076.283 25108.900 25377.469 21908.449
36807.977 30699.762 24087.205 30810.904 25083.311 25012.234 21641.188
36214.219 30259.037 23964.119 30651.564 25587.121 24772.801 21422.488
36402.719 30093.098 23752.621 30502.641 25455.391 24838.178 21566.895
36325.535 29898.650 23725.562 30904.062 25130.713 24766.445 21337.459
36265.656 29999.113 23511.279 31083.955 24838.104 24680.176 21170.135
36507.688 30244.275 23821.561 31740.361 24699.062 24607.936 20879.994
36380.016 30193.238 24050.840 32143.918 24845.646 24374.000 20629.682
36669.434 30601.170 24130.684 32772.438 24813.648 24352.318 20713.730
36983.859 31266.992 24464.012 33594.523 24699.285 24041.924 20674.115
37216.004 32081.643 24484.672 34533.434 24645.664 23963.666 20241.033
37596.312 32910.750 24652.762 35196.051 24558.725 24114.010 20296.010
38121.504 34025.703 24996.350 36024.551 24688.688 24098.504 20485.285
38676.371 35163.832 25182.965 36568.957 25034.363 24026.689 20621.010
38694.406 36005.168 25547.564 37159.664 25234.121 23740.232 21043.195
39074.078 36708.707 25772.225 37726.418 25360.939 23771.932 21212.730
39069.215 37602.250 25990.262 38247.223 25592.242 23709.891 21111.551
39058.789 38179.207 26353.092 38375.137 26101.033 23641.365 21392.352
39024.051 38665.566 26606.029 38186.262 26832.123 23452.041 21265.008
38538.332 39101.141 26708.221 37728.070 27195.062 23262.211 21325.090
38417.117 39371.801 26853.281 37354.176 27241.049 23088.932 21411.648
38052.863 39554.637 26838.365 36968.898 27125.539 22628.062 21153.951
37775.672 39901.570 26726.654 36474.625 26942.100 22354.682 20992.314
37542.324 39815.906 26856.383 36001.270 26922.594 22148.434 20825.496
37348.500 39459.949 26661.105 35692.938 26902.688 21830.906 20582.463
36779.531 38987.902 26470.041 35489.133 26502.938 21428.180 20287.922
36295.926 38697.395 25973.020 34905.410 26471.473 20841.572 20037.480
35729.426 37844.852 25715.629 34240.164 26467.475 20529.123 19980.641
35173.641 37167.578 25536.674 33921.906 26523.729 20318.814 19881.596
34488.031 36552.930 25216.174 33182.398 26366.779 19873.824 19579.000
34000.637 36265.223 24971.752 32871.484 26389.014 19619.062 19300.520
33158.277 35963.723 25308.854 32657.289 26735.285 18958.729 19003.988
32459.318 35402.305 25194.785 32317.928 26784.840 18388.479 18958.654
31835.166 34701.555 25033.291 31914.182 26759.008 17927.543 18646.551
31119.400 34035.832 24973.828 31863.396 26756.111 17528.881 18107.924
