9745.844
9650.511
9604.632
9327.707
9170.739
8965.314
8866.479
8720.150
8607.964
8476.509
8379.071
8269.471
8238.652
8219.005
8243.174
8272.197
8412.152
8460.436
8649.295
8823.393
9005.923
9189.205
9308.638
9412.492
9509.315
9686.865
9830.962
9925.568
10118.116
10204.894
10210.895
10234.927
10286.126
10222.281
10242.240
10262.690
10498.167
10380.569
10366.473
10384.827
10447.866
10516.946
10614.620
10815.514
10900.247
11015.135
11076.942
11222.511
11373.508
11508.212
11650.928
11768.572
11824.039
11891.840
11956.252
11970.216
11999.166
11938.360
11851.914
11772.363
11644.364
11646.505
11581.892
11522.880
11540.104
11467.585
11508.548
11543.847
11596.197
11823.997
11916.940
12138.131
12338.232
12643.812
12932.096
13150.105
13437.647
13657.691
13836.228
13956.300
14088.082
14256.920
14373.611
14468.094
14507.047
14538.907
14463.902
14371.481
14396.370
14189.245
14144.222
13993.576
13872.521
13841.111
13912.802
14037.199
14146.192
14191.139
14363.923
14601.647
14786.356
15024.618
15217.405
15548.599
15878.328
16224.159
16500.219
16641.564
16859.465
17033.715
17092.889
17295.734
17345.637
17365.674
17322.816
17327.570
17329.857
17233.021
17130.943
17178.775
16923.186
16834.830
16743.633
16622.834
16596.082
16594.182
16666.398
16750.262
16867.416
17082.529
17260.479
17418.475
17523.158
17636.887
17810.723
17938.846
18037.834
18056.508
18106.090
18036.018
18031.123
17919.691
17751.664
17648.557
17515.873
17381.902
17226.299
16983.637
16651.734
16459.799
16317.402
16088.078
15829.541
15791.804
15600.108
15520.733
15485.478
15578.572
15602.771
15556.899
15706.291
15813.470
15981.853
15996.601
16197.728
16206.679
16156.171
16121.094
16032.117
15971.461
15996.017
