11477.235 7978.777 11763.488 9274.340 9752.896
11355.757 8250.046 12066.142 8880.335 9351.409
10969.855 7664.962 11355.779 8367.202 8516.017
10946.354 7683.897 11093.682 8028.010 7712.829
10443.836 6984.208 10465.937 7441.949 7071.296
9848.883 6740.823 9913.568 7001.815 6650.002
9148.587 6577.363 9070.476 6388.229 5949.387
8747.471 6414.812 8812.677 6230.484 5638.173
8099.269 6214.930 8169.658 5836.885 5187.926
7698.866 6280.515 7456.588 5599.278 4863.511
7442.242 6298.655 7407.752 5534.676 4668.188
7508.379 6445.963 7467.867 5560.543 4718.723
7381.275 6383.678 7630.725 5581.492 4832.788
7377.708 6397.227 8003.224 5542.666 5060.266
7366.117 6362.955 8115.168 5361.526 5020.765
7541.099 6758.150 8188.066 5290.014 5135.227
7521.427 6626.485 8380.146 5274.380 5222.686
7427.304 6738.619 8423.034 5354.662 5457.418
7279.118 6580.811 8340.956 5325.135 5210.995
7484.730 6736.395 8398.057 5284.787 5266.200
7289.615 6658.976 8288.020 5047.347 5003.683
7199.678 6667.607 8317.648 5114.646 4776.843
7211.561 6707.260 8350.020 5127.970 4593.475
7372.156 6913.729 8479.848 5280.593 4438.507
7950.650 7206.456 8863.467 5575.652 4586.309
8227.985 7345.039 9056.070 5612.543 4592.810
8524.261 7537.740 9466.865 5845.611 4827.939
8729.201 7783.014 9612.455 5991.294 5059.375
9159.663 8092.153 10328.990 6375.519 5409.063
9123.582 8216.011 10421.132 6456.547 5360.055
9107.129 8224.231 10509.504 6432.215 5367.830
8976.694 8000.536 10145.323 6408.074 5527.071
9059.567 7945.291 10356.196 6708.162 5534.279
8891.919 7631.213 10039.380 6651.315 5404.974
8754.896 7493.939 9781.811 6810.583 5407.926
8456.371 7287.150 9552.302 6910.114 5278.912
8274.841 7256.871 9717.774 6985.175 5215.110
8076.320 7366.725 9925.218 6850.806 4929.790
8412.600 7697.886 10743.581 6904.010 5223.113
8759.550 7907.564 11604.555 7299.174 5681.725
9157.673 8292.795 12521.512 7590.583 6247.088
9525.607 8616.408 12950.754 7980.071 6446.315
9868.749 8845.685 13646.447 8375.278 6803.539
9819.936 8882.961 13554.183 8523.478 6985.017
9478.238 8627.104 13240.448 8298.079 6978.639
9260.006 8668.015 12725.057 8403.909 6745.491
9134.035 8454.887 12591.796 8248.337 6701.533
8878.807 8319.037 12322.188 8255.868 6622.395
8472.072 8203.237 12022.083 8133.566 6281.168
8219.237 8175.724 12180.311 8324.121 5905.428
8257.770 7994.879 12159.260 8621.178 5573.075
8518.898 8411.663 12860.245 8860.201 5789.927
8664.774 8666.961 13520.448 9209.613 5760.122
9012.504 8912.911 14205.517 9684.788 6014.745
9479.835 9232.670 15030.343 10188.271 6605.179
10111.594 9612.672 15765.624 10626.468 7407.281
10097.000 9573.433 15804.484 10664.917 8112.090
10092.709 9475.569 15720.251 10523.402 8202.694
10049.982 9485.229 15880.316 10590.999 8532.938
9697.204 9132.151 15123.405 10354.958 8583.512
9462.956 8748.356 14386.778 10111.920 8152.918
9111.633 8134.257 13561.358 9867.481 7854.067
8776.186 7856.528 13083.745 9672.021 7574.716
8589.624 7722.801 12902.354 9394.014 7407.014
8438.140 7725.994 12932.792 9331.142 7148.484
8803.320 7880.333 13208.393 9580.593 6498.395
9216.608 8007.122 13764.207 9891.183 6437.635
9598.549 8546.367 14600.128 10159.884 6462.917
10357.475 8889.195 15439.569 10803.208 6896.059
10714.970 9484.437 16313.739 11274.630 7113.765
10716.235 9490.721 16730.449 11551.704 7606.570
10776.508 9660.623 17969.668 12415.665 8435.693
10435.589 9397.299 17641.986 12240.597 8989.045
10304.955 9186.768 17282.068 11948.802 9350.230
9846.765 8874.962 16192.250 11697.255 9709.608
9562.602 8945.357 15671.192 11288.980 9980.654
9090.732 8499.442 14629.589 10815.075 9821.995
8787.774 8298.976 13996.989 10440.566 9683.547
8555.647 8562.797 13545.273 10280.728 8847.341
8605.159 8681.334 13033.452 10134.442 8696.791
8647.537 8970.367 13207.206 10320.574 8150.151
9010.441 9272.514 13251.227 10699.229 8264.363
9250.738 9528.304 13516.400 11196.230 8189.056
9467.917 9858.511 13894.371 11595.479 8178.319
9907.995 9860.964 14229.837 12078.196 8900.264
9853.740 9892.646 14814.543 12422.210 8977.729
9922.696 9576.486 14945.900 12485.135 9973.229
9436.284 9387.345 14849.186 12001.726 10186.813
9296.473 9155.440 14815.371 11859.976 11411.132
8968.838 8882.041 14496.754 11645.672 11217.431
8710.719 8617.380 14206.761 11389.945 12150.825
8232.222 8320.790 13488.928 10914.167 12038.030
8008.646 8116.605 13225.047 10676.466 12217.098
7975.614 7929.600 13235.075 10719.749 11878.485
7852.208 8047.734 12992.292 10892.090 12101.145
7663.373 7927.386 12453.355 10697.389 11673.694
7969.538 8265.229 12839.705 11065.108 11695.217
8105.243 8480.946 12666.737 11222.760 11447.625
8300.997 8383.051 12896.211 11476.576 11368.620
8356.399 8309.748 12580.808 11571.280 11154.807
8483.329 8233.449 12721.213 11672.005 10919.053
8630.049 8224.569 12907.740 11728.346 10620.748
8669.339 8074.846 12806.719 11437.255 10652.249
8335.504 7725.729 12326.548 10991.155 10134.543
8200.790 7629.777 12063.994 10588.119 10349.763
8087.953 7387.268 12085.461 10390.479 10168.997
7739.972 7247.812 11798.251 10275.127 9962.678
7341.267 6816.025 11530.311 9875.337 9764.255
7379.991 6798.917 11507.580 9818.729 9951.168
7366.809 6637.901 11175.639 9752.061 9802.075
7266.110 6619.861 10957.841 9765.788 9317.619
