8683.354 6240.443 11124.039 9773.234
8686.881 6371.672 11334.017 9701.737
8520.732 6081.372 11239.886 9969.828
8244.058 5856.715 10939.877 9966.428
8017.445 5871.741 10912.498 9937.689
7572.834 5607.564 10860.245 9661.178
7534.331 5532.975 10577.540 9446.240
7253.250 5474.363 10203.437 9289.864
6922.226 5340.938 10091.274 9133.108
6780.427 5200.694 9893.533 9044.559
6528.789 4947.000 9605.174 8617.970
6110.403 4756.832 9373.173 8272.668
5964.341 4559.280 9227.912 8041.819
5776.886 4414.083 9119.388 7886.572
5451.115 4132.176 8775.196 7546.625
5381.857 4183.635 8402.934 7500.393
5185.143 3911.050 8151.831 7211.248
5101.020 3918.449 8124.182 7111.891
4948.944 3764.464 7859.898 6855.872
4829.458 3710.733 7548.611 6723.852
4725.792 3578.242 7401.615 6509.259
4759.336 3685.909 7199.663 6577.821
4725.181 3502.219 7013.791 6422.893
4711.536 3535.976 6951.576 6552.105
4900.198 3517.485 6822.614 6552.846
5019.122 3552.522 6786.546 6720.227
5014.156 3373.956 6672.882 6630.110
5076.506 3382.376 6604.600 6730.205
5134.484 3369.616 6605.233 6752.490
5214.527 3403.437 6704.542 6907.200
5273.308 3395.274 6822.101 7073.847
5310.416 3438.944 6972.064 7239.734
5403.567 3440.992 7127.796 7409.382
6636.946 7687.823 6862.163 10097.021
6718.875 7862.797 6891.386 10422.320
6829.534 7990.760 6954.481 10551.806
6900.917 8150.826 7001.776 10824.220
6973.181 8251.852 7105.148 11019.666
7152.833 8328.860 7199.576 11418.757
7349.672 8408.637 7309.661 11823.903
7414.234 8496.941 7442.501 12128.471
7565.209 8679.721 7605.563 12471.975
7720.553 8871.016 7694.002 12874.106
7912.857 9050.346 7871.467 13167.580
8145.972 9244.692 8095.648 13604.707
8308.819 9494.092 8230.304 14076.773
8552.426 9723.894 8436.534 14467.254
8765.709 9979.166 8589.280 14847.963
9005.407 10197.422 8839.570 15215.720
9232.020 10365.149 9069.864 15589.807
9480.031 10519.296 9281.208 15937.142
9626.182 10724.923 9492.181 16171.071
9838.792 10872.334 9752.170 16429.943
9984.459 10985.654 9900.013 16769.078
10043.404 11114.981 10099.865 16987.771
10188.542 11294.202 10140.267 17386.402
10314.899 11292.169 10370.351 17549.225
10397.854 11374.143 10492.639 17713.232
10497.869 11350.753 10672.084 17869.568
10624.788 11320.075 10831.930 17852.768
10631.494 11311.441 10929.026 17886.557
10638.647 11225.113 11065.810 17867.697
10737.908 11259.504 11061.426 17929.967
10773.841 11102.779 11182.021 17721.572
10757.503 11021.460 11147.564 17666.078
10816.644 10967.590 11280.640 17684.299
10778.525 10855.151 11299.798 17578.949
10750.098 10780.831 11247.618 17435.787
10767.796 10637.093 11217.896 17418.527
10736.462 10603.887 11282.688 17394.688
10659.132 10498.264 11408.448 17538.336
10653.578 10564.932 11413.217 17698.193
10612.124 10531.888 11471.786 17630.932
10573.067 10618.499 11485.802 17415.158
10619.144 10660.520 11451.141 17395.074
10649.480 10647.695 11526.751 17268.973
10674.973 10630.758 11484.893 17229.242
10676.126 10651.781 11448.928 17179.568
10698.057 10746.544 11459.643 17122.785
10719.800 10761.344 11313.538 17203.404
10683.236 10828.002 11261.379 17146.904
10667.040 10840.266 11140.449 17134.346
10543.103 10847.354 11156.294 17154.924
10521.375 10783.675 11197.656 17316.695
10474.441 10674.093 11210.661 17348.357
10405.440 10562.209 11305.919 17364.402
10311.022 10419.541 11322.243 17364.477
10325.703 10265.933 11365.611 17296.266
10274.035 10135.838 11380.698 17207.443
10238.117 9930.865 11312.613 17024.260
10230.351 9785.283 11357.139 16947.324
10119.052 9640.833 11281.887 16792.898
10104.129 9503.225 11189.175 16613.295
9955.462 9357.475 11137.010 16236.854
9868.092 9233.144 11188.356 16078.876
9956.347 9157.041 11147.064 15947.763
9918.191 9049.897 11041.154 15798.748
9863.828 9057.561 10973.316 15601.336
9863.379 9070.523 10997.534 15592.306
9886.785 9167.234 10965.110 15572.131
9975.654 9264.739 10795.503 15437.055
10085.499 9533.876 10666.474 15541.335
10152.292 9744.401 10498.605 15557.754
10271.340 9943.209 10479.235 15673.651
10306.031 10208.234 10354.895 15777.291
10455.928 10365.634 10260.934 15758.810
10569.006 10541.166 10339.094 15515.959
10696.376 10784.517 10345.229 15645.746
10693.555 10948.262 10229.377 15795.197
10770.375 11062.804 10219.094 15875.551
10854.136 11128.397 10280.143 15968.643
10909.621 11161.372 10280.259 16039.546
10879.896 11123.566 10358.562 16132.041
10944.110 11153.104 10493.108 16215.449
10910.507 11021.926 10622.535 16162.157
10965.264 10909.514 10793.812 16079.438
11008.618 10762.201 11035.050 16107.481
11043.750 10605.739 11171.218 15940.627
11123.545 10532.194 11336.596 15808.796
11095.507 10443.419 11476.688 15731.484
11139.208 10379.422 11532.558 15723.657
11144.598 10271.897 11678.684 15634.969
11227.335 10288.394 11693.058 15440.036
11246.908 10277.441 11695.500 15314.848
11266.682 10350.271 11740.198 15143.529
11304.032 10504.477 11837.529 15022.499
11410.385 10664.249 12014.562 15004.287
11507.355 10904.808 12070.015 15077.207
11656.450 11168.183 11988.571 15145.429
11879.944 11455.924 11984.247 15298.577
12177.093 11685.917 11923.768 15282.719
12434.628 12061.983 11900.912 15379.177
12609.853 12364.065 11927.465 15564.827
12715.079 12730.273 11845.190 15636.312
12878.745 12911.231 11694.136 15914.338
13000.480 13090.597 11646.425 16036.379
13237.925 13269.604 11805.030 16086.794
13281.853 13260.892 11962.952 16166.259
13526.442 13267.696 11970.942 16224.099
13546.552 13173.469 12114.117 16102.691
13612.644 13106.750 12273.701 16155.813
13731.960 12969.475 12449.683 16177.548
13724.538 12734.193 12736.582 16142.833
13707.502 12562.231 12968.756 16082.478
13724.273 12392.087 13152.332 15853.820
13732.500 12292.908 13411.931 15569.906
13542.757 12130.278 13552.041 15383.289
13634.831 12036.724 13716.853 15196.030
13688.518 11913.817 13837.557 14767.174
13700.849 11786.689 13896.757 14568.927
13700.708 11703.244 14012.408 14452.256
13688.722 11684.287 14072.469 14361.785
13707.076 11623.579 14186.237 14212.119
13742.217 11598.069 14078.509 14117.009
13863.734 11675.653 14018.150 13908.715
13881.711 11792.827 13944.196 14030.655
13979.653 11976.086 13772.632 14018.820
14249.234 12252.603 13715.793 13967.516
14448.747 12609.495 13654.290 14035.166
14622.898 12905.235 13594.514 14175.410
14707.711 13189.557 13539.146 14310.369
14809.612 13343.378 13453.428 14569.931
14940.320 13461.954 13326.182 14895.290
14903.262 13544.273 13062.521 15041.856
14952.726 13531.436 13069.689 15267.836
15035.799 13493.470 12990.325 15495.558
15210.244 13409.835 13011.297 15792.835
15079.103 13179.779 13060.730 15793.584
14907.323 13110.003 13169.296 15868.844
14801.178 13062.608 13307.459 16334.596
14629.031 13026.404 13309.521 16268.353
14394.741 12720.591 13515.633 16104.769
14382.136 12517.819 13701.205 15953.798
14342.878 12334.187 13849.634 15764.253
14221.143 12198.018 13812.066 15296.018
14134.339 11985.538 13849.503 14899.354
14096.659 11783.368 13831.339 14629.836
14255.891 11529.507 13783.990 14295.232
14203.486 11498.577 13649.094 14216.396
14163.004 11453.486 13739.222 14068.823
13874.812 11354.838 13464.411 13752.514
13823.151 11356.771 13214.370 13528.603
13774.653 11422.227 13159.492 13397.761
13842.512 11626.494 12983.868 13415.312
13999.146 11803.068 12741.800 13227.896
14075.289 11981.494 12609.109 13333.475
14089.947 12170.562 12504.712 13441.094
14179.561 12293.104 12262.347 13630.828
14375.223 12447.888 12325.631 13805.424
14324.774 12581.113 12094.468 13946.271
14329.780 12831.771 11992.823 13991.776
14289.845 12849.791 12001.954 14138.561
14290.763 12907.568 11881.359 14329.118
14327.326 12987.104 11847.761 14372.648
14202.716 12991.770 12046.991 14537.285
14119.576 13010.155 12093.771 14823.044
13992.666 12905.317 12294.283 14999.375
13698.020 12771.766 12354.343 14968.747
13528.246 12740.748 12333.607 15024.603
13390.382 12491.399 12322.999 14787.145
