12653.585 14256.811 12786.897 11667.282
12881.160 14302.771 12648.759 11669.728
12817.631 14122.714 12293.857 11517.151
12750.300 14004.530 12003.025 11396.094
12700.125 13746.674 11636.429 11256.509
12520.789 13594.484 11375.050 11226.732
12519.978 13556.187 11255.495 11258.733
12518.713 13365.192 11018.291 11187.029
12407.626 13182.932 10791.610 11082.551
12373.450 13076.888 10641.145 11061.896
12158.495 12815.433 10433.893 10921.960
11893.483 12623.220 10208.257 10856.852
11784.389 12487.118 10139.146 10843.652
11720.192 12321.443 10018.964 10783.339
11522.340 12212.669 9863.566 10787.509
11459.874 12127.086 9766.203 10768.640
11434.317 12056.226 9736.385 10786.374
11319.546 11949.300 9664.560 10754.938
11345.158 11875.360 9633.092 10815.993
11346.358 11838.518 9592.767 10835.975
11351.898 11819.366 9511.977 10802.258
11403.243 11732.312 9558.633 10776.344
11405.977 11697.159 9591.218 10798.981
11364.586 11769.813 9546.002 10784.611
11386.518 11783.460 9520.426 10713.450
11450.112 11772.813 9452.162 10662.461
11482.916 11828.958 9444.094 10614.028
11451.752 11824.729 9382.242 10570.367
11579.578 11939.143 9354.099 10591.632
11622.066 12060.540 9350.697 10595.115
11665.933 12101.148 9322.078 10619.889
11707.256 12103.211 9367.024 10614.146
11782.146 12242.361 9415.760 10721.066
11860.309 12311.496 9418.731 10701.981
11930.266 12386.104 9463.141 10815.554
11942.626 12459.638 9516.169 10838.655
12134.758 12623.637 9684.028 11034.006
12020.186 12526.177 9605.431 11023.491
12025.282 12518.039 9667.301 11124.189
11959.596 12563.610 9733.747 11235.855
12053.512 12554.453 9858.791 11434.202
12012.029 12587.144 9938.213 11511.052
12046.720 12551.871 10019.002 11694.179
12051.184 12676.476 10207.357 11851.153
12021.935 12707.827 10300.074 11963.409
11974.480 12781.695 10478.701 12121.089
11999.742 12825.840 10577.482 12194.245
11996.452 12928.980 10834.856 12202.355
11931.667 12990.449 10885.307 12254.423
11992.444 13057.881 10885.035 12279.383
12088.354 13178.885 11033.498 12237.266
12144.284 13266.594 11039.912 12189.442
12168.391 13358.233 10987.598 12159.652
12204.443 13402.739 10918.731 12122.675
12177.112 13546.047 10955.181 12123.451
12258.855 13644.434 10965.064 12106.516
12286.785 13670.511 10977.575 12068.957
12298.221 13778.424 10976.225 12035.485
12294.803 13777.296 10989.919 12080.003
12291.823 13800.157 10999.870 12086.411
12359.590 13877.778 10984.395 12061.521
12452.930 13904.465 11003.282 12165.200
12591.177 13941.432 11044.710 12301.266
12593.484 13956.820 11038.604 12470.035
12627.274 14041.857 11012.798 12606.791
12727.667 14038.656 10962.201 12824.099
12844.872 13985.031 11040.853 13034.586
12806.660 13944.600 11100.793 13213.959
12838.739 13978.675 11202.812 13510.793
12843.357 13966.966 11328.101 13682.182
12892.040 13969.919 11472.548 13963.526
12880.412 13963.750 11604.655 14095.351
12884.427 14000.377 11813.739 14287.259
13023.794 14000.851 11892.153 14408.782
13062.894 13995.315 11956.304 14507.561
13082.617 13927.538 12101.088 14567.254
13204.668 13997.004 12233.195 14608.656
13270.823 14098.324 12419.587 14612.764
13339.373 14003.048 12454.124 14569.651
13430.506 14020.121 12496.607 14481.296
13459.874 14041.663 12527.084 14409.395
13476.111 14102.500 12631.098 14305.936
13597.918 14243.637 12770.633 14184.799
13642.222 14338.014 12770.609 14113.671
13572.659 14462.521 12805.669 13938.703
13465.058 14516.432 12757.979 13888.721
13475.518 14606.198 12699.419 13719.257
13506.951 14673.261 12653.545 13666.567
13458.119 14669.051 12560.728 13645.524
13470.291 14579.034 12492.694 13608.465
13370.924 14473.390 12362.271 13614.068
13401.093 14399.327 12347.089 13640.503
13278.278 14289.115 12254.029 13629.637
13171.151 14185.854 12201.411 13653.417
13047.445 14059.521 12164.457 13700.455
13046.771 13962.562 12140.460 13850.694
13002.560 13883.938 12191.307 13995.705
12969.551 13667.527 12079.532 14140.371
12943.054 13547.931 12043.828 14262.482
12921.966 13539.883 12099.027 14408.098
12806.141 13347.072 12108.794 14483.518
12799.893 13366.511 12246.278 14589.946
12878.859 13321.891 12296.722 14645.182
12872.200 13281.799 12397.479 14703.933
12919.871 13344.002 12448.681 14760.338
12949.283 13334.477 12540.854 14740.099
12976.863 13459.379 12600.082 14663.579
13031.327 13632.809 12754.252 14564.299
13142.637 13814.058 12769.034 14495.050
13078.701 13917.982 12804.846 14263.866
13155.072 14020.858 12904.698 14207.357
13215.159 14176.428 12944.822 14078.236
13177.756 14285.183 12961.468 13855.169
13199.081 14393.644 12971.683 13777.505
13213.643 14503.902 12922.299 13618.404
13162.364 14545.347 12862.914 13453.534
13048.404 14524.285 12742.309 13341.340
12979.655 14408.163 12552.601 13179.640
12944.543 14316.909 12432.451 13178.425
12814.832 14160.053 12246.763 13075.314
12749.653 14010.594 12044.772 13082.009
12631.334 13818.937 11989.520 13118.288
12595.445 13628.336 11871.970 13142.243
12591.374 13435.049 11728.048 13255.903
12620.088 13240.798 11599.997 13302.755
12575.944 13048.888 11479.955 13485.181
12603.751 12904.320 11400.177 13621.380
12533.135 12777.040 11463.430 13902.579
12548.464 12640.230 11368.074 14039.761
12528.121 12544.127 11345.731 14165.646
12608.764 12557.696 11356.938 14378.927
12611.683 12659.025 11397.958 14487.734
12599.753 12721.223 11443.153 14524.506
12588.069 12872.964 11537.809 14561.328
12560.485 12949.433 11611.657 14560.293
12551.026 13082.059 11626.635 14552.032
12493.069 13066.020 11633.492 14392.324
12517.327 13162.303 11748.379 14281.078
12464.083 13234.120 11849.351 14090.281
12399.151 13390.790 11839.897 13929.888
12414.210 13501.442 11928.107 13829.679
12361.721 13533.407 11947.062 13665.933
12295.582 13541.286 11972.169 13493.152
12259.238 13508.837 12005.180 13300.672
12160.782 13429.981 11940.635 13006.656
12063.949 13358.367 11907.168 12897.901
12033.426 13327.305 11883.895 12740.924
11994.324 13209.127 11742.204 12692.031
11810.176 12936.940 11618.755 12516.666
11728.664 12794.957 11463.896 12464.340
11638.051 12551.104 11397.081 12486.163
11603.643 12369.810 11229.486 12447.235
11626.820 12231.278 11176.679 12525.761
11616.040 12025.551 11133.616 12560.288
11691.195 11819.243 10974.686 12625.489
11637.409 11715.714 10864.607 12694.310
11714.112 11587.217 10772.041 12759.032
11718.938 11398.402 10623.940 12798.267
11766.899 11399.558 10545.192 12796.396
11764.269 11324.599 10503.145 12838.269
11869.549 11276.540 10546.410 12832.240
11922.577 11266.072 10541.160 12887.856
11959.029 11349.945 10512.313 12902.572
11975.073 11380.282 10502.697 12789.561
11999.390 11481.488 10529.619 12734.918
12090.155 11632.910 10561.709 12643.895
12065.684 11811.470 10650.599 12502.672
12010.141 12018.323 10695.120 12391.158
11976.019 12240.816 10832.849 12270.784
11806.409 12356.198 10812.894 11997.379
11691.105 12461.778 10838.735 11889.954
