2685.659 2670.732
2669.642 2575.001
2648.427 2584.838
2610.828 2580.450
2463.525 2493.899
2425.205 2472.620
2367.051 2444.487
2320.273 2379.594
2217.338 2273.147
2193.680 2283.656
2163.799 2215.855
2033.200 2184.802
1964.992 2171.284
1945.828 2117.005
1870.389 2030.615
1818.496 1986.013
1806.809 1988.283
1790.879 2011.379
1719.936 1942.804
1738.207 1946.026
1725.334 1946.991
1709.177 1918.776
1680.657 1913.369
1736.630 1983.401
1761.836 2016.077
1695.375 1946.224
1750.357 2020.198
1761.044 2079.399
1778.153 2032.786
1780.960 2040.950
1840.214 2109.733
1854.476 2143.073
1851.686 2131.936
1850.157 2122.933
1905.164 2181.381
1940.818 2177.460
1911.740 2142.803
1967.026 2188.916
2014.122 2241.072
1965.021 2204.830
2011.608 2221.322
2049.568 2271.421
2131.963 2324.465
2106.258 2279.753
2168.685 2359.342
2196.411 2446.531
2182.687 2411.900
2276.242 2462.593
2343.095 2516.932
2364.658 2548.727
2323.651 2510.540
2422.027 2574.586
2466.703 2603.906
2425.587 2554.471
2441.122 2583.579
2434.906 2577.374
2400.611 2548.607
2344.298 2511.887
2411.400 2557.685
2454.004 2561.781
2367.117 2459.330
2393.613 2480.615
2390.483 2478.189
2306.652 2437.986
2290.583 2413.435
2334.547 2466.640
2265.245 2471.253
2230.723 2443.147
2281.340 2503.350
2316.688 2553.212
2267.860 2525.941
2276.130 2566.556
2340.653 2613.635
2344.543 2592.986
2331.365 2548.594
2406.601 2591.591
2453.867 2658.573
2370.935 2594.216
2397.212 2609.688
2417.346 2662.562
2385.466 2586.908
2356.022 2534.550
2374.356 2584.174
2363.473 2552.419
2242.473 2466.847
2289.001 2500.581
2266.340 2536.638
2218.889 2482.433
2194.089 2467.756
2239.429 2551.772
2308.142 2576.212
2183.816 2571.594
2215.092 2583.105
2320.209 2674.711
2250.759 2695.174
2289.994 2629.783
2347.439 2733.479
2483.685 2820.656
2451.802 2779.900
2522.565 2844.945
2654.701 2912.788
2623.810 2952.521
2680.029 2903.345
2695.234 2935.806
2709.939 2935.909
2592.478 2802.844
2589.544 2815.816
2626.447 2768.452
2538.786 2677.373
2553.684 2637.046
2563.604 2649.187
2423.333 2557.276
2377.977 2524.656
2477.677 2589.279
2436.574 2610.574
2290.331 2480.720
2353.083 2561.509
2370.427 2600.776
2266.104 2582.138
2288.643 2614.890
2371.170 2691.953
2368.043 2744.403
2268.812 2669.882
2438.292 2764.258
2461.987 2785.755
2390.706 2696.255
2468.954 2743.984
2615.147 2800.409
2614.402 2738.552
2673.405 2673.598
2737.132 2732.518
2797.245 2706.179
2703.796 2587.674
2785.496 2682.493
2779.777 2685.179
2645.710 2580.475
2634.248 2546.204
2621.302 2582.464
2670.947 2590.430
2542.242 2537.975
2487.318 2551.965
2508.422 2593.147
2521.844 2550.386
2455.936 2563.504
2482.696 2614.916
2441.190 2614.674
2362.820 2588.165
2448.208 2677.185
2503.705 2699.193
2467.822 2653.857
2482.021 2668.743
2491.805 2700.281
2427.180 2669.753
2416.198 2691.973
2563.135 2769.814
2557.663 2841.204
2511.451 2774.875
2538.055 2805.263
2514.145 2834.320
2436.812 2803.130
2417.042 2782.043
2499.854 2824.589
2426.994 2819.281
2402.292 2743.070
2499.050 2819.753
2521.536 2899.740
2457.308 2832.555
2444.834 2849.621
2472.778 2882.229
2457.581 2887.509
2362.639 2762.028
2432.731 2832.695
2423.685 2900.280
2321.024 2778.762
2308.955 2800.403
2389.568 2795.882
2369.809 2737.857
2305.326 2709.701
2444.939 2786.336
2479.505 2772.286
2398.385 2678.595
2444.454 2744.225
2440.074 2770.779
2362.214 2671.581
2380.125 2691.963
2429.417 2737.239
2416.585 2678.836
2357.756 2640.986
2401.235 2718.798
2429.104 2692.842
2321.729 2597.268
2339.158 2663.530
2369.483 2660.792
2299.332 2559.431
2306.430 2585.518
2332.142 2651.175
2292.527 2596.171
2261.683 2552.363
2245.750 2620.787
2258.693 2619.208
