2895.541
2783.281
2780.388
2736.544
2592.832
2604.032
2561.862
2486.724
2410.101
2423.431
2371.287
2280.149
2226.507
2186.230
2066.850
2041.107
1998.891
2019.699
1976.729
1955.690
1950.755
1912.784
1937.666
1960.491
1978.353
1958.794
2000.003
1989.190
1979.651
1971.384
2019.585
2048.990
2029.408
2094.700
2124.671
2156.000
2163.652
2240.859
2281.458
2223.945
2290.794
2371.471
2415.968
2441.697
2507.561
2573.061
2518.667
2623.951
2671.012
2696.037
2721.381
2786.626
2773.416
2712.855
2795.719
2813.203
2739.000
2786.034
2828.357
2809.977
2734.297
2771.777
2766.791
2658.188
2681.215
2689.504
2623.112
2585.641
2622.719
2621.322
2575.009
2636.717
2655.382
2561.187
2560.781
2645.106
2618.370
2561.062
2590.896
2614.211
2579.719
2541.116
2575.367
2542.001
2483.512
2549.355
2551.599
2470.528
2472.593
2541.371
2544.417
2429.766
2494.391
2508.387
2383.212
2414.582
2505.132
2496.579
2457.665
2563.271
2589.511
2517.762
2538.915
2551.402
2483.940
2476.163
2538.315
2557.363
2511.954
2605.708
2632.674
2600.364
2678.655
2729.755
2680.092
2739.223
2843.568
2868.054
2885.590
2906.431
2975.989
2955.320
2964.469
3038.064
3159.072
3154.803
3316.405
3408.594
3376.021
3559.889
3619.333
3622.129
3722.217
3754.377
3769.725
3658.000
3764.571
3828.082
3781.084
3715.654
3735.640
3769.595
3621.452
3687.765
3724.516
3598.175
3551.636
3555.078
3558.156
3441.980
3577.973
3544.614
3317.458
3377.606
3405.340
3417.199
3381.315
3410.062
3436.984
3286.803
3291.750
3324.525
3130.148
3046.611
3127.231
3113.639
3021.312
3054.780
3070.967
2958.340
2881.925
2917.310
2852.137
2723.461
2736.421
2758.257
2665.783
2621.836
2595.641
2548.318
2520.653
2591.615
2566.905
2485.197
2498.405
2494.418
2411.029
2423.125
2431.399
2381.962
2330.944
2378.792
2381.464
2274.430
2284.505
2282.837
2203.241
2213.386
2203.819
2166.391
