7678.271 7451.243 7290.999
7820.909 7156.250 7160.871
7276.221 6800.307 6744.014
6181.457 6540.593 6246.721
5463.442 6055.210 5798.309
4860.746 5573.059 5059.987
4406.261 5005.348 4548.001
4164.119 4809.366 4225.100
3820.115 4549.909 3942.963
3635.461 4576.708 3772.584
3438.907 4549.048 3618.457
3347.986 4759.877 3574.816
3348.800 4913.732 3533.693
3456.656 5057.991 3664.355
3603.538 5195.054 3650.730
3561.395 5267.682 3644.646
3682.627 5173.641 3668.996
3731.660 5187.002 3654.775
3872.133 5265.701 3817.945
3792.714 5130.077 3531.380
3909.229 5283.699 3515.526
3930.383 5290.697 3345.738
4033.373 5657.462 3291.347
4281.520 5888.936 3317.823
4532.262 6443.047 3527.272
4686.679 6536.173 3567.642
4984.857 7042.792 3678.012
5163.347 7527.429 3788.955
5466.324 8017.310 3997.342
5474.896 7634.627 4030.106
5545.178 7559.278 3964.971
5333.211 7825.100 3886.927
5333.082 7694.000 3713.177
4951.080 7313.824 3498.048
4682.390 7586.786 3397.792
4638.270 7746.599 3328.260
4726.130 7994.827 3222.578
4615.055 8136.000 3236.799
4744.885 9084.726 3347.896
5274.608 9850.796 3578.729
5176.531 10235.245 3733.343
5547.422 10406.516 3965.282
5732.972 10033.705 4260.437
5443.744 10052.026 4292.924
5214.308 9699.738 4322.980
4928.548 9068.713 4343.100
4537.621 8865.811 4104.504
4334.855 8423.279 4074.898
4205.703 8306.176 3941.763
4166.688 8493.115 3822.089
4461.241 8388.996 3925.583
4427.304 8612.525 4008.406
4681.742 9158.871 4227.923
5325.113 9136.896 4365.562
5770.148 9497.363 4291.484
5966.950 9924.135 4412.568
6200.739 9568.644 4669.533
6027.474 9322.547 4845.917
5963.503 9005.055 4999.141
5802.881 8644.162 4960.519
5676.496 8374.179 4803.229
5706.494 7934.651 4894.254
5299.958 7721.918 4650.590
5096.946 8010.213 4536.768
4871.064 8220.691 4304.236
5067.027 8476.594 4270.935
5712.013 8541.172 4365.813
6193.949 9228.269 4559.897
6529.197 9493.567 4629.497
6479.013 9807.077 4802.360
6407.455 10240.974 5078.078
6406.951 10297.747 5235.743
6226.888 9552.938 5367.994
5883.481 9235.251 5499.159
5642.007 9167.510 5500.333
5324.844 8659.273 5357.544
5267.233 8350.486 5210.215
5169.916 8012.031 5007.906
4782.909 7892.958 4736.334
4877.424 7670.687 4564.426
5090.104 8002.820 4513.006
5337.730 7965.979 4360.872
5422.102 8178.341 4485.926
5678.368 8094.747 4467.325
6274.376 8051.418 4575.498
6139.559 8066.598 4663.744
6273.501 7959.845 4769.690
6130.296 7739.957 5071.182
6224.235 7505.301 4983.681
5713.027 7204.008 5042.477
5478.181 7041.104 5052.316
5167.043 6806.334 4916.606
5070.131 6669.947 4819.446
4863.792 6780.590 4837.730
4906.884 6731.447 4725.029
4756.988 6935.398 4741.154
4693.716 7215.199 5010.440
4608.444 7156.709 4929.266
4542.986 7165.422 5009.387
4571.862 6808.920 5000.632
4723.020 6821.852 5157.496
4623.164 6759.669 5088.292
4532.853 6628.136 5046.432
4423.349 6419.772 4888.131
4532.130 6345.683 5143.421
4482.476 6239.375 5336.804
4285.686 6155.394 5219.244
4196.607 6185.392 5283.193
4129.762 6329.808 5320.277
4109.830 6130.856 5202.555
4102.957 5970.551 5300.343
