9122.718
9231.250
9104.919
9039.343
9162.020
9123.588
9119.200
9131.640
9026.202
8976.675
8983.750
8830.276
8765.524
8638.599
8523.568
8463.684
8454.137
8385.591
8385.675
8400.970
8416.871
8400.979
8436.407
8452.867
8508.218
8602.990
8718.073
8752.812
8885.256
9066.700
9185.629
9323.355
9476.427
9589.850
9731.148
9846.335
10036.336
10037.149
10149.229
10218.339
10366.938
10385.997
10422.509
10443.573
10553.817
10559.085
10666.277
10736.819
10804.998
10858.369
10852.730
10919.473
11027.616
11134.625
11269.524
11409.477
11511.261
11631.161
11745.581
11857.212
11939.624
11995.723
12171.062
12293.705
12318.634
12342.212
12509.089
12615.526
12712.931
12725.216
12767.185
12773.985
12736.800
12730.125
12740.373
12717.852
12645.933
12678.818
12613.934
12633.361
12699.521
12677.330
12701.252
12744.519
12694.594
12731.491
12782.017
12824.514
12900.350
12962.429
12942.354
13194.812
13344.558
13346.304
13397.312
13516.553
13588.115
13628.099
13733.670
13686.683
13611.360
13516.320
13583.679
13581.692
13652.024
13693.979
13715.657
13770.124
13753.773
13703.201
13785.257
13888.019
13924.933
13975.062
14033.017
14214.246
14353.246
14499.885
14573.637
14734.158
14900.369
15083.545
15296.741
15457.341
15575.217
15746.902
15865.948
16030.711
16083.469
16214.574
16386.072
16434.986
16453.002
16549.215
16499.133
16491.568
16437.057
16431.738
16474.605
16481.867
16514.240
16511.588
16629.615
16668.750
16651.256
16752.062
16704.518
16742.133
16788.189
16980.420
16875.729
17046.541
17323.262
17438.869
17426.266
17471.430
17514.898
17456.721
17430.793
17446.393
17570.912
17501.389
17524.982
17366.666
17251.367
17076.947
16993.350
16932.531
16801.674
16467.967
16141.965
