3204.628 3195.729 3139.255
3146.407 3166.767 3103.680
3289.733 3347.116 3247.084
3405.583 3446.574 3288.571
3346.405 3469.861 3256.272
3490.535 3692.804 3442.179
3655.328 3852.719 3563.501
3700.022 3927.041 3609.191
3733.223 4007.670 3680.354
3969.955 4177.701 3855.093
4008.168 4351.297 3983.307
3945.636 4314.065 3955.382
4096.142 4430.432 4056.895
4096.960 4521.464 4148.291
3956.685 4388.338 4066.949
3967.286 4348.549 4098.774
3978.837 4369.623 4189.710
3981.090 4389.313 4223.732
3811.923 4201.265 4059.716
3917.915 4222.914 4156.233
3910.928 4221.788 4150.425
3715.994 4112.792 4027.890
3708.169 4040.714 3979.728
3711.705 4108.982 4040.427
3711.701 4113.758 4054.084
3535.573 3926.981 3883.465
3678.052 4047.322 4045.708
3717.963 4054.324 4053.556
3606.045 4003.317 3991.835
3553.143 3983.646 3948.459
3688.751 4131.767 4119.899
3742.527 4181.754 4201.912
3673.139 4156.468 4125.675
3712.416 4239.986 4213.329
3848.704 4386.211 4327.169
3834.384 4386.635 4324.333
3821.292 4337.147 4289.780
3918.433 4477.125 4386.190
3940.890 4520.075 4439.499
3768.886 4309.148 4253.074
3792.163 4321.990 4282.418
3810.078 4375.754 4299.590
3813.481 4337.026 4262.498
3698.652 4202.284 4134.116
3708.452 4217.678 4178.008
3694.156 4191.901 4161.869
3549.321 3972.443 3970.082
3589.233 4029.820 3962.671
3651.542 4034.614 4010.275
3558.582 3973.651 3883.564
3503.966 3906.942 3836.766
3584.747 3970.427 3965.026
3607.833 3998.922 3954.593
3496.099 3910.995 3860.451
3582.402 4033.381 3949.778
3572.555 4171.225 4041.660
3486.298 4085.400 3949.088
3532.592 4192.714 4072.969
3633.633 4360.020 4211.869
3679.602 4434.102 4281.875
3614.559 4362.782 4189.181
3675.889 4514.157 4317.853
3746.371 4575.673 4363.675
3659.688 4427.352 4221.883
3641.655 4476.544 4218.527
3649.487 4450.443 4199.817
3596.383 4343.249 4116.059
3511.635 4161.241 3960.451
3540.811 4287.096 4006.188
3516.937 4230.182 3998.189
3389.090 3977.170 3802.093
3386.818 4000.752 3851.741
3391.047 3955.641 3813.652
3305.816 3787.939 3746.780
3288.100 3743.664 3646.622
3326.761 3837.878 3735.605
3375.013 3882.676 3739.489
3308.098 3792.504 3670.986
3445.452 3954.606 3775.126
3533.808 4060.915 3871.153
3556.556 4079.445 3943.582
3601.555 4225.394 4025.881
3744.782 4440.009 4219.147
3857.919 4599.872 4341.062
3808.836 4543.306 4274.146
3986.587 4747.657 4437.100
4063.194 4823.670 4524.888
3963.814 4774.341 4458.638
3954.763 4749.676 4411.329
4033.385 4822.496 4468.441
4070.770 4840.677 4485.886
3960.333 4600.749 4322.253
3994.284 4629.468 4310.437
3989.933 4577.578 4310.266
3846.135 4318.175 4137.653
3772.794 4238.576 4056.801
3756.122 4258.378 4071.182
3752.645 4221.045 4079.239
3564.562 3997.177 3881.865
3665.521 4059.418 3962.103
3714.090 4062.188 3963.980
3617.603 3904.623 3909.895
3598.188 3930.219 3921.733
3702.808 4044.553 4022.224
3758.762 4188.613 4142.213
3697.152 4108.902 4070.797
3866.080 4320.922 4285.346
3986.273 4535.892 4436.580
3966.407 4511.881 4460.487
4067.305 4666.227 4553.221
4161.193 4846.197 4652.245
4124.878 4764.390 4614.021
4168.069 4791.826 4651.864
4261.113 4922.217 4716.440
4234.510 4838.224 4681.282
4135.459 4635.827 4553.441
4258.743 4815.404 4685.600
4197.687 4797.075 4640.127
4080.995 4540.247 4531.173
4067.720 4496.974 4510.298
4069.707 4510.440 4532.276
3955.908 4446.519 4443.364
3866.411 4288.766 4319.863
3926.132 4378.348 4395.143
3976.228 4322.262 4415.989
3760.447 4125.214 4211.373
3909.433 4273.188 4387.895
3911.171 4292.794 4455.501
3863.725 4249.930 4414.471
3923.526 4330.899 4496.083
4015.589 4515.217 4666.129
3962.781 4538.968 4638.110
3980.195 4608.946 4660.472
4143.917 4871.661 4786.324
4262.046 5041.205 4932.182
4184.081 4942.704 4842.689
4292.769 5130.257 4916.367
4444.261 5305.204 5023.054
4518.783 5425.891 5059.655
4376.749 5206.734 4899.800
4524.552 5298.764 5025.066
4575.753 5312.053 5052.036
4464.718 5155.344 4927.502
4537.204 5139.583 4984.909
4574.628 5161.682 4972.427
4453.512 5022.136 4908.390
4350.707 4887.761 4796.258
4411.800 4970.626 4921.425
4444.947 4950.163 4994.986
4256.157 4761.115 4804.510
4335.690 4806.911 4899.868
4305.633 4813.430 4915.902
4198.807 4628.382 4826.428
4186.378 4629.296 4800.378
4259.913 4799.855 4921.402
4325.351 4892.201 5046.176
4230.657 4827.078 4879.904
4343.462 4977.557 5011.466
4361.938 5114.197 5096.011
4296.115 5041.331 4986.945
4369.711 5219.127 5081.097
4446.278 5355.232 5146.706
4407.627 5321.048 5092.292
4335.212 5205.701 5033.396
4458.274 5422.566 5167.503
4494.889 5449.330 5200.239
4379.501 5309.069 5077.763
4413.447 5294.407 5063.746
4422.685 5379.489 5112.528
4374.827 5282.870 5065.227
4253.855 5196.644 4955.565
4352.564 5313.897 5050.760
4340.112 5313.681 5117.580
4162.313 5032.499 4935.977
4227.653 5073.383 4980.568
4212.870 5060.409 4988.796
4095.803 4883.797 4865.344
4062.067 4816.907 4868.447
4101.093 4850.752 4897.210
4033.124 4784.385 4864.310
3965.376 4695.420 4801.216
4052.371 4797.097 4837.773
4069.417 4875.138 4875.791
3943.930 4704.124 4701.127
3985.177 4843.237 4746.320
4049.140 4953.654 4833.586
3984.492 4986.068 4818.091
4016.213 5065.856 4804.599
4083.484 5187.588 4912.091
4040.305 5160.972 4857.822
4016.566 5140.497 4783.717
4191.765 5378.238 4944.333
4287.769 5436.987 5030.712
4209.550 5283.258 4884.331
4249.717 5340.058 4910.577
4323.591 5387.028 4935.497
4232.927 5250.779 4771.774
4312.784 5228.382 4733.683
4388.540 5272.065 4765.742
4367.286 5273.778 4751.342
