11384.978
11642.965
11680.445
11734.560
11702.329
11678.039
11751.529
11634.153
11572.400
11429.993
11327.949
11156.657
11048.582
10895.792
10912.640
10871.364
10789.584
10746.137
10841.358
10856.035
10863.732
10960.758
11090.733
11278.230
11529.798
11689.863
11856.813
11942.922
12138.346
12300.755
12407.470
12594.006
12711.566
12817.825
12987.280
13218.205
13585.655
13603.660
13556.897
13640.312
13779.378
13898.862
13880.535
13930.943
13957.939
13966.858
14017.554
14161.594
14173.140
14283.696
14256.948
14304.152
14336.199
14304.439
14479.554
14481.502
14594.894
14547.703
14413.493
14468.691
14471.294
14532.703
14478.696
14380.881
14268.730
14209.268
14044.537
14086.574
14110.410
13969.468
14039.271
14128.892
14143.048
14097.938
14077.101
14076.336
14023.387
14165.630
14187.053
14140.047
14263.909
14370.704
14567.633
14734.996
14724.977
14799.060
14804.452
14792.803
14682.283
14618.070
14536.681
14373.141
14287.593
14214.542
14230.527
14207.957
14091.928
14134.156
14145.634
14171.844
14096.859
14195.309
14219.790
14232.960
14267.903
14554.065
14647.228
14953.355
14958.736
15078.180
15372.402
15552.284
15617.062
15611.014
15693.811
15662.251
15777.622
15830.873
15733.119
15666.996
15515.055
15392.467
15261.044
15093.477
14831.024
14648.592
14488.060
14574.146
14480.683
14316.820
14244.528
14239.480
14304.231
14340.690
14472.762
14484.654
14672.391
14708.109
14890.687
15135.714
15297.490
15424.944
15603.127
15730.730
15789.876
15910.357
15841.668
15795.021
15775.551
15469.902
15396.098
15118.550
14835.950
14598.388
14428.665
14231.071
14062.327
13880.419
13648.562
13470.961
13359.165
13283.733
13098.408
12936.541
12961.407
12945.986
13047.164
13152.132
13365.737
13450.083
13463.834
