5637.619 6950.957
5807.015 7002.606
6075.429 6896.814
6009.516 6948.508
5851.232 6763.494
5609.351 6454.349
5607.251 6192.017
5341.386 5748.875
5119.716 5596.807
5010.811 5210.431
4818.500 5047.973
4704.967 4926.533
4533.689 4758.378
4382.768 4573.887
4225.583 4437.518
4090.655 4230.655
3995.500 4093.518
3793.732 3841.364
3693.969 3736.232
3585.552 3631.570
3508.030 3608.431
3352.648 3553.187
3252.538 3538.885
3165.776 3513.977
3079.599 3522.895
3021.384 3498.489
3002.918 3480.007
3039.189 3434.562
2976.909 3477.737
2910.987 3482.100
2835.928 3512.002
2893.643 3606.264
2868.041 3530.099
3455.851 4558.249
3429.025 4608.477
3414.159 4646.550
3455.206 4739.391
3394.349 4910.985
3319.826 4885.562
3320.521 4936.450
3237.952 4963.000
3265.519 5030.322
3434.976 5024.095
3476.737 5083.806
3520.185 5160.532
3509.181 5181.050
3499.922 5237.864
3506.313 5330.796
3496.384 5318.662
3556.932 5424.306
3586.061 5474.085
3615.783 5613.529
3583.230 5674.951
3641.326 5769.941
3738.841 5831.572
3837.257 5848.835
3873.091 5976.458
3869.715 6125.414
3780.280 6231.217
3762.346 6376.721
3837.370 6493.309
3875.676 6627.244
3821.795 6738.138
3888.541 6826.080
4024.507 6918.279
4018.993 6916.833
4049.908 6871.300
4036.261 6820.200
4079.792 6863.017
4031.973 6779.720
3982.056 6682.411
3897.253 6520.912
3881.695 6490.590
3945.580 6393.608
3945.998 6345.691
3854.089 6228.366
3911.124 6203.957
3801.549 6168.154
3865.505 6184.703
3931.582 6131.686
3932.995 6156.496
3857.615 6262.284
3912.595 6298.783
3954.907 6409.474
3905.226 6385.583
3929.080 6388.886
3967.359 6446.521
3918.234 6512.896
3738.978 6573.535
3753.546 6528.051
3761.819 6514.582
3706.450 6441.475
3621.003 6329.634
3606.779 6374.107
3460.248 6274.640
3378.366 6216.251
3336.568 6126.901
3374.923 6030.266
3374.701 6031.292
3440.667 5958.540
3488.997 5999.605
3509.542 5991.755
3543.147 5944.917
3423.701 5929.100
3410.501 5928.057
3425.544 5899.338
3427.576 5929.135
3467.282 5871.887
3427.084 5974.796
3447.447 6047.252
3391.252 6051.297
3421.568 6164.749
3475.175 6197.882
3596.969 6268.466
3628.953 6439.432
3699.749 6394.173
3732.350 6349.705
3750.928 6343.248
3765.259 6423.235
3832.675 6280.993
3843.523 6177.179
4000.938 6060.888
3907.515 6016.793
3826.771 6035.308
3864.523 5953.678
3821.623 6026.232
3817.008 5993.586
3871.556 6005.158
3776.610 6041.539
3701.945 6010.495
3680.400 6085.531
3654.304 6164.331
3610.640 6260.295
3533.609 6312.579
3450.985 6421.740
3492.616 6533.017
3361.861 6599.434
3362.157 6675.224
3325.783 6744.428
3424.534 6873.250
3558.618 6942.708
3558.384 6974.212
3530.941 7014.462
3500.785 6996.650
3517.648 7117.375
3611.665 7260.326
3600.261 7242.550
3655.581 7254.309
3648.535 7292.547
3606.720 7278.556
3629.375 7321.586
3581.012 7108.244
3546.562 6997.909
3586.114 6800.064
3577.184 6664.073
3617.280 6649.465
3594.771 6629.194
3610.581 6570.442
3583.594 6506.928
3482.631 6537.257
3444.484 6632.357
3468.544 6636.655
3527.103 6615.760
3537.881 6633.606
3544.112 6572.702
3587.631 6646.997
3582.030 6752.917
3597.024 6856.616
3640.419 6906.983
3684.278 6888.542
3615.735 7013.242
3628.634 7101.781
3641.382 7082.663
3717.967 7190.407
3721.266 7191.618
3729.408 7199.005
3793.452 7142.786
3747.539 6976.398
3787.659 6867.484
3818.600 6823.205
3841.293 6721.383
3877.040 6663.461
3863.100 6684.997
3828.644 6642.197
3807.305 6691.014
3820.063 6773.181
3872.225 6648.311
3921.075 6607.739
3994.857 6597.124
4006.582 6627.181
3999.567 6643.784
4020.760 6593.145
4023.586 6531.214
4048.422 6572.816
3992.273 6544.427
4050.510 6566.450
4104.189 6569.019
4097.885 6569.422
3989.883 6633.331
3931.640 6660.237
