10410.938 10262.716
10431.093 10402.028
10408.688 10312.258
10443.604 10192.166
9883.287 9670.646
9423.270 9522.083
8937.809 8908.204
8329.329 8696.295
8012.282 8290.278
7857.701 8020.124
7641.012 7584.644
7392.574 7185.626
7693.638 7121.165
7801.344 6713.336
8076.852 6784.609
8079.477 6727.186
8218.818 6864.159
8194.184 6690.181
8410.197 6872.688
8539.432 6920.650
8580.322 7101.771
8864.571 7365.772
9056.814 7483.979
9481.642 7642.328
9616.283 7884.461
10203.224 8153.046
10377.786 8393.525
10702.185 8805.440
10678.928 8962.725
10628.154 9272.546
10609.317 9427.730
10700.757 9843.253
10357.906 9776.661
10682.854 9880.011
10812.506 9244.914
10859.217 9070.816
10850.396 8777.493
11175.227 8709.474
11292.004 8719.872
11320.512 8555.599
11006.010 8494.666
11056.149 8668.878
11067.964 8619.367
10818.025 8709.707
10754.318 9204.876
10274.678 9289.900
9946.585 8989.361
9536.358 8826.719
9605.321 8405.588
9681.250 8820.407
9754.423 8364.389
10024.587 8251.000
10541.810 8448.322
11002.841 8218.341
11046.752 9043.975
10784.418 8816.684
10741.061 9648.974
10647.843 10029.837
10325.752 10223.946
9902.501 9430.210
9591.911 10094.018
9471.044 9542.239
9261.672 9348.706
8987.854 9036.783
8756.390 9143.950
9120.135 9068.350
9486.035 9086.207
9876.491 9207.931
9669.271 10099.295
9649.530 10338.483
9556.854 10745.504
9500.688 10537.066
9276.050 10305.437
9219.886 10204.151
8872.251 9756.089
8773.470 9337.975
8759.508 9057.407
8567.665 8658.348
8401.915 8041.235
8491.842 8027.012
8603.529 7865.256
8805.771 7807.959
8980.932 8025.319
9476.440 8583.350
9183.601 8463.784
9030.238 8339.915
8715.707 8321.780
8391.935 8442.810
8009.083 8345.384
8103.839 8109.658
7861.483 7800.882
7709.529 7613.174
7539.728 7571.084
7439.260 7510.856
7404.033 7271.763
7471.381 7152.985
7635.123 6954.073
7849.691 7191.553
7905.852 6867.376
8120.783 6832.678
8078.442 6783.965
7832.354 6680.680
7431.587 6403.980
7201.723 6226.229
7055.650 6452.571
6937.339 6331.155
6791.735 6037.240
6827.161 5966.109
6681.085 5963.667
6538.604 5998.039
6554.803 6224.868
