13000.035 8894.392 4932.390
13176.165 8718.053 4893.915
13215.313 8457.239 4729.378
13258.543 8301.872 4660.699
13196.258 8159.582 4650.905
12945.552 7885.079 4561.508
12622.310 7709.671 4405.235
12314.977 7571.776 4324.275
11856.013 7212.329 4181.044
11475.924 6980.481 3980.778
10882.631 6814.002 3781.790
10509.353 6674.794 3682.370
10089.198 6568.792 3496.179
9728.495 6260.751 3322.674
9426.090 6049.027 3207.307
9027.963 5780.782 3088.354
8866.205 5643.158 3000.600
8628.338 5465.750 2902.713
8482.034 5428.480 2829.052
8456.213 5339.804 2803.662
8339.793 5302.314 2722.497
8272.028 5316.843 2679.941
8356.780 5279.270 2649.869
8534.983 5277.162 2625.245
8659.766 5348.342 2614.241
8760.217 5466.367 2667.780
8929.267 5606.240 2691.831
9115.963 5753.371 2747.341
9251.939 5866.552 2774.599
9377.308 5910.672 2728.426
9589.726 5916.684 2696.621
9758.565 6072.122 2742.710
9860.000 6139.547 2768.390
9462.730 7852.789 4243.798
9689.734 7878.789 4300.198
9747.810 7896.544 4336.558
9886.702 7975.125 4375.087
9960.831 8065.722 4405.292
9950.317 8049.857 4421.012
10034.831 8040.485 4417.437
10013.984 8016.832 4439.177
10070.375 8004.808 4463.956
10164.502 8032.484 4516.335
10272.113 8081.306 4548.233
10377.473 8087.571 4579.375
10510.868 8082.770 4613.146
10677.116 8197.764 4677.017
10881.604 8311.474 4781.189
11167.791 8389.795 4823.549
11451.874 8487.217 4920.217
11776.088 8593.378 4985.616
11976.224 8663.755 5063.809
12181.901 8851.899 5136.117
12319.409 8966.743 5161.594
12467.644 9064.296 5242.090
12590.664 9198.236 5337.885
12609.922 9262.151 5383.104
12613.924 9261.764 5440.677
12641.700 9251.703 5553.531
12602.146 9237.986 5526.475
12645.730 9181.247 5578.406
12498.114 9203.142 5532.182
12404.360 9134.983 5502.369
12292.118 9066.583 5448.420
12208.350 9008.874 5464.599
12034.640 8881.632 5412.524
12012.041 8842.647 5375.652
11876.949 8784.752 5332.048
11757.372 8699.607 5297.168
11693.863 8608.340 5283.743
11651.279 8609.218 5221.724
11694.189 8548.753 5207.724
11781.530 8559.819 5223.703
11930.428 8543.988 5263.774
12092.650 8582.565 5286.157
12214.155 8616.584 5375.819
12365.873 8684.773 5393.354
12665.479 8848.300 5451.836
12931.914 9018.260 5517.885
13094.652 9178.714 5573.825
13173.896 9252.983 5615.328
13431.957 9334.702 5633.234
13488.725 9486.842 5683.693
13577.533 9496.421 5698.842
13576.091 9494.426 5692.693
13472.872 9496.990 5613.563
13417.221 9498.973 5560.231
13315.599 9462.414 5487.618
13169.557 9345.940 5417.275
12985.526 9249.051 5320.228
12811.581 9223.384 5296.967
12556.286 9078.469 5256.846
12308.947 9010.776 5153.434
12114.386 9012.725 5085.743
11917.695 8938.462 5003.804
11814.594 8896.037 4982.322
11744.551 8884.548 4953.953
11831.859 8916.611 4954.977
11960.039 8984.054 4925.161
12206.562 9063.336 4970.708
12452.275 9233.171 5021.196
12780.151 9405.931 5107.465
13202.529 9652.120 5192.915
13616.706 9937.352 5297.700
14049.949 10215.977 5398.543
14534.395 10605.173 5544.375
15066.364 10879.907 5639.347
15433.855 11089.138 5742.619
15701.537 11280.207 5871.380
15879.447 11383.645 6029.096
16253.369 11428.439 6141.231
16410.086 11403.094 6163.844
16367.271 11367.743 6209.003
16253.259 11351.904 6222.714
16003.587 11245.720 6190.519
15649.740 11099.213 6166.691
15307.688 10940.875 6119.499
15105.917 10870.903 6068.596
14949.251 10712.151 6005.035
14626.795 10545.793 5928.287
14459.589 10388.514 5838.886
14211.774 10217.922 5758.785
14040.357 10151.732 5708.957
13943.378 10072.042 5679.112
13946.443 10008.855 5638.529
14084.104 9946.855 5628.610
14311.114 9969.577 5614.544
14606.510 10073.313 5668.068
14870.744 10217.979 5612.056
15295.965 10322.999 5685.427
15597.397 10534.619 5799.255
16093.939 10804.929 5868.518
16536.793 11078.303 5950.044
17089.971 11325.171 6091.018
17445.598 11555.694 6168.053
17745.133 11733.723 6289.833
17974.186 11970.361 6332.635
18135.795 12247.598 6407.285
18147.393 12370.151 6434.998
18036.975 12364.738 6463.491
17847.225 12362.075 6437.427
17781.229 12307.728 6402.269
17594.994 12205.237 6327.413
17305.646 12140.666 6219.622
17011.084 12049.712 6192.684
16840.932 11925.341 6132.473
16494.791 11783.334 6096.898
16333.003 11684.280 6043.576
16107.807 11541.116 5952.955
15869.526 11395.381 5905.796
15680.764 11233.091 5891.453
15596.078 11052.763 5875.939
15529.756 10991.160 5832.536
15522.980 10953.287 5790.839
15617.838 10908.807 5767.404
15752.235 10963.285 5738.078
15929.861 11095.965 5772.411
16148.104 11288.403 5797.222
16380.818 11454.446 5848.755
16813.975 11703.772 5894.904
17083.256 11795.622 5973.056
17421.484 12062.111 6058.198
17676.926 12314.314 6204.675
17846.582 12519.746 6310.485
18145.234 12735.278 6454.102
18326.480 12901.666 6557.527
18557.102 12999.586 6615.199
18509.004 13040.771 6621.506
18541.875 13015.138 6673.482
18394.180 12943.626 6589.025
18316.658 12922.565 6596.978
18136.924 12772.084 6476.422
18030.465 12653.298 6435.789
17792.180 12509.465 6408.154
17676.277 12398.368 6363.251
17418.158 12335.210 6304.503
17211.490 12216.275 6218.686
17013.512 12062.949 6154.864
17314.779 12299.752 6257.680
16571.756 11774.904 5995.649
16297.661 11588.389 5900.302
16102.994 11476.866 5818.378
15879.849 11438.019 5725.970
15757.450 11439.333 5715.954
15817.664 11425.619 5714.572
15923.536 11443.573 5737.613
16192.509 11539.179 5782.143
16379.581 11622.801 5864.343
16692.791 11828.958 5954.284
16871.977 12037.765 6008.986
17129.211 12252.160 6096.919
17295.654 12412.818 6183.405
17492.125 12567.628 6235.552
17635.992 12728.965 6337.971
17739.553 12869.589 6409.532
17841.428 12928.660 6451.051
18029.119 12945.407 6515.766
18082.520 12951.947 6587.207
18085.932 12902.597 6595.491
18089.125 12794.038 6615.211
