10467.104 8779.696
10474.758 8623.448
10206.948 8497.829
10020.461 8346.316
9788.385 8543.893
9836.184 8442.017
9756.060 8345.932
9633.821 8395.877
9504.842 8356.553
9664.280 8369.950
9594.427 8329.154
9424.095 8174.481
9431.700 8132.172
9342.993 7955.087
9356.159 8257.535
9516.039 8120.837
9540.575 8032.240
9580.205 7865.138
9484.326 8145.262
9402.035 8220.123
9497.102 8522.715
9417.243 8527.761
9328.295 8624.322
9314.827 8557.451
9270.836 8668.339
9349.567 8533.024
9367.248 8597.674
9389.473 8623.326
9345.277 8874.760
9436.461 8927.040
9673.305 9093.564
9760.734 9136.079
9763.199 9251.797
9747.090 9363.550
9926.521 9571.252
10153.742 9771.110
10248.004 9932.532
10433.597 10142.895
10656.886 10369.636
10780.521 10378.548
10889.557 10386.573
10981.950 10426.645
11023.603 10437.089
10984.740 10389.275
10895.685 10412.776
10875.673 10420.678
10853.372 10287.963
10979.552 10208.225
11084.098 10098.158
10964.358 9929.237
10870.067 9645.339
10754.587 9537.582
10618.704 9504.021
10462.455 9515.082
10351.583 9420.637
10301.832 9376.906
10247.966 9386.890
10166.856 9424.962
9745.294 9372.515
9717.161 9361.306
9651.542 9437.795
9675.993 9538.851
9840.314 9599.690
9838.630 9690.396
9912.201 9781.715
10018.898 9985.216
9922.499 9927.578
10084.494 9998.267
10286.898 10020.037
10259.370 10011.034
10269.117 9952.832
10494.915 9912.103
10672.766 9782.716
10693.890 9670.207
10672.354 9774.618
10513.055 9616.913
10308.127 9601.991
10250.150 9437.934
10070.752 9331.146
9899.208 9161.608
9725.428 9036.323
9634.327 8981.038
9590.546 8915.411
9535.068 8788.388
9556.044 8668.864
9455.718 8477.413
9394.261 8520.834
9368.205 8592.673
9524.510 8862.933
9553.181 8996.300
9485.177 9093.130
9442.715 9254.352
9645.671 9241.973
9737.437 9367.737
10022.585 9361.145
10401.294 9437.327
10777.332 9502.756
11225.295 9585.376
11583.452 9708.800
12029.665 9693.531
12461.972 9945.990
13063.213 9925.808
13395.331 9811.481
13705.360 9992.667
13835.564 10099.317
13515.187 10270.252
13446.666 10326.293
13163.450 10399.628
13011.733 10551.006
12817.488 10713.013
12589.869 10931.060
12243.013 10860.735
12043.824 10861.521
11901.399 10787.206
11618.052 10804.151
11629.839 10962.983
11445.688 11031.406
11486.583 11043.452
11498.816 11189.319
11578.013 11462.755
11544.591 11398.856
11572.594 11297.388
11790.418 11289.312
12052.444 11357.174
12294.174 11252.797
12486.866 11327.546
12747.499 11124.693
13153.209 11119.391
13487.786 11108.586
13823.778 11014.918
14024.924 11059.636
14361.436 11386.657
14904.342 11748.170
15501.509 11880.853
15891.775 11827.872
16180.612 11760.821
16662.982 11991.139
16786.672 11868.149
16721.846 11981.381
16911.361 11912.521
16839.230 12142.151
17038.094 12096.140
16981.449 12123.671
17006.158 12189.354
17078.342 11947.530
17014.117 11791.982
17135.502 11952.208
17052.057 11891.131
17245.529 12062.899
17065.410 11970.961
16897.137 11455.076
17207.535 11317.284
17294.809 11359.991
16961.418 10969.916
17021.510 10878.374
17011.748 10738.198
17043.238 10666.904
16888.193 10584.549
17001.670 10467.978
16913.455 10423.363
16919.771 10152.811
16800.576 9858.298
16597.189 9714.692
16574.020 9447.312
16560.766 9027.934
16301.989 8847.674
16100.491 8740.374
15706.975 8385.530
15497.765 8138.690
15378.991 8010.387
15193.984 7868.664
14978.386 7675.011
14776.584 7431.886
14561.221 7387.684
14123.299 7104.736
14067.594 7030.149
13795.226 6764.119
13594.646 6758.330
13356.087 6590.783
13046.327 6489.339
12772.819 6325.151
12484.730 6143.806
12444.975 6068.309
12247.128 6035.261
12078.654 6057.549
11937.008 5977.679
11425.473 5929.945
11152.718 5926.245
10891.369 5855.540
10667.143 5751.917
10521.439 5690.347
10126.844 5686.852
9784.473 5605.720
9565.137 5470.978
9362.938 5420.816
9201.619 5291.820
9007.238 5238.241
8814.073 5198.957
8717.279 5151.476
8525.256 5054.741
