7386.370 8442.080 9690.577
7811.360 8521.288 9820.528
8203.336 8314.823 9717.216
8623.356 7902.864 9906.648
8005.424 7460.738 9520.751
7546.453 7135.851 9311.767
7228.669 6805.245 8868.609
6987.152 6691.268 8776.169
6432.728 6358.602 8212.153
6073.899 6029.271 7792.673
5839.214 5654.580 7712.522
5643.983 5619.396 7773.665
5447.194 5484.982 7525.380
5298.860 5313.283 7421.629
5204.030 5144.287 7422.531
5211.937 5213.119 7544.244
5317.029 5335.407 7825.010
5437.614 5482.408 8310.817
5531.143 5440.881 8490.497
5861.711 5721.591 8935.367
5906.506 5722.579 9071.987
6142.790 6006.263 9479.551
6261.698 6003.625 9617.163
6372.063 6013.659 9850.773
6570.817 6161.496 10243.724
6838.716 6266.329 10548.084
7084.231 6385.138 11086.913
7232.228 6569.392 11739.270
7516.147 7016.687 12269.674
7896.606 7402.798 12899.994
8115.655 7431.668 13298.429
8309.266 7688.524 13391.533
8374.103 7913.951 13377.754
8435.603 7749.447 13178.434
8410.747 7645.247 12864.976
8380.116 7477.802 12297.260
8473.147 7446.528 12194.731
8313.304 7379.664 11536.383
8204.413 7438.082 11290.005
8055.423 7307.055 11141.785
8364.293 7584.117 11561.508
8641.799 7711.674 11994.431
9062.543 8023.711 12671.042
9423.784 8039.595 13343.232
9603.354 8171.044 13773.298
9825.123 8027.300 13979.938
9867.444 7982.538 13930.277
9973.565 7994.203 14096.923
9782.432 7942.914 13773.868
9660.146 7831.810 12820.295
9484.651 7372.642 12099.269
9503.623 6991.443 11790.675
9463.418 6913.833 11221.873
9363.041 6934.157 10910.936
9389.771 7100.057 10605.279
9633.411 7275.847 11465.630
10051.011 8097.303 11792.031
10073.036 8772.508 12170.154
10236.239 9317.697 12354.316
10356.331 9194.622 13135.106
10300.378 9881.101 12668.804
10128.925 9572.509 12714.933
9970.549 9302.237 12315.230
9838.370 9065.117 11850.668
9696.071 8929.358 11383.386
9514.979 8733.642 11159.888
9007.210 8518.289 10932.388
8606.757 8088.693 10637.999
8667.639 8091.687 10712.447
8651.710 8480.259 10988.352
8671.788 8708.701 11274.430
8837.798 9259.521 11912.738
8981.819 9721.825 12509.432
9077.496 10073.347 12988.960
8897.511 10309.096 12851.605
9243.044 10585.812 13092.497
9040.950 10507.569 12884.668
9029.650 10456.329 12672.699
8980.315 10015.280 12231.384
8822.449 9823.379 11749.771
8653.553 9516.528 11524.082
8647.045 9506.797 11354.005
8316.077 9236.644 10779.869
8329.385 9434.476 10535.705
8245.249 9358.886 10288.122
8363.281 9511.042 10283.309
8550.030 9686.721 10636.177
8728.978 10108.279 10885.385
9027.021 10510.091 11366.075
9351.332 10743.292 12143.840
9544.384 10936.065 12783.829
9838.304 11135.821 13525.847
10171.444 11300.898 13990.720
10125.785 11207.254 14132.612
10117.485 11168.141 14380.064
9878.493 10771.876 14219.887
9677.142 10608.107 14232.271
9495.580 10367.639 13847.724
9221.317 10166.152 13659.290
8841.335 9965.083 13345.733
8768.187 9603.136 13087.434
8795.058 9704.240 12940.196
8783.917 9505.543 12753.049
8422.360 9137.838 12398.992
8301.053 9161.298 11870.011
8162.466 9420.441 11375.656
8198.345 9036.794 12073.087
8069.854 8855.724 11378.244
7934.457 8779.192 11114.757
7720.885 8657.439 11016.185
7485.759 8925.071 10780.787
