2436.854
2462.036
2514.031
2484.779
2411.223
2364.126
2331.846
2265.692
2214.401
2192.995
2154.161
2068.552
2072.295
2031.895
1929.371
1922.063
1884.119
1885.284
1858.762
1887.341
1906.804
1873.921
1950.576
1985.223
1962.435
1944.232
2000.664
2064.882
2033.471
2026.424
2087.427
2132.848
2077.990
2149.221
2172.500
2157.550
2231.904
2263.612
2287.874
2251.495
2350.448
2408.858
2379.145
2430.981
2526.380
2538.450
2478.890
2621.777
2694.764
2615.857
2707.633
2752.199
2721.298
2696.165
2748.275
2742.193
2656.880
2701.959
2712.616
2614.212
2597.477
2625.972
2614.421
2511.640
2540.156
2564.282
2490.854
2513.005
2517.314
2514.732
2475.338
2505.400
2532.775
2460.277
2486.148
2487.749
2450.252
2398.637
2431.677
2432.040
2394.249
2435.324
2474.946
2404.893
2374.162
2443.274
2451.491
2379.239
2435.810
2439.533
2448.186
2399.497
2453.170
2502.439
2411.712
2480.443
2579.476
2528.008
2524.674
2597.546
2618.867
2575.166
2573.533
2597.722
2586.611
2584.423
2631.348
2653.632
2572.451
2601.412
2620.222
2530.696
2533.268
2610.585
2532.605
2513.487
2576.684
2623.242
2628.881
2701.494
2812.160
2784.359
2774.908
2858.550
2874.866
2850.421
2943.334
3035.339
2990.157
3018.130
3052.276
2950.756
2916.900
2957.198
3058.198
2951.175
2984.265
3032.490
2987.256
2968.196
3123.544
3206.814
3148.403
3271.811
3198.463
3154.289
3176.505
3215.420
3163.094
3083.543
3147.004
3191.630
3085.409
3120.350
3121.695
3060.080
3000.214
3022.025
3056.969
3053.540
3038.398
3107.963
3051.058
3026.491
3113.622
3122.052
3033.944
3068.289
3037.834
2938.585
2870.179
3011.067
3131.940
3093.478
3118.395
3167.531
3173.611
3152.348
3155.641
3159.782
3104.702
3187.200
3128.565
3024.422
3029.686
3054.079
2999.668
2953.191
3002.314
2883.521
2860.557
2928.748
2966.804
2832.111
2859.522
2898.755
2798.399
2774.860
2754.475
2745.574
