10450.471 13952.200
10563.580 13866.232
10661.456 14149.596
10699.449 14083.137
10586.520 14046.876
10544.834 13702.037
10409.595 13684.815
10500.258 13261.138
10313.276 13147.859
10107.190 12862.605
9989.109 12776.759
9774.467 12598.882
9797.254 12322.218
9683.807 12179.036
9570.445 12098.531
9394.483 11992.507
9335.539 11798.227
9183.552 11760.836
9095.252 11488.082
9004.860 11396.612
8969.867 11210.984
8862.981 11083.182
8833.234 11086.523
8807.062 11173.710
8750.006 11142.952
8800.275 11202.245
8822.021 11290.870
8918.993 11461.381
9010.003 11593.073
9209.288 11791.885
9252.282 12097.008
9513.609 12308.331
9670.312 12520.245
9924.206 12873.679
10147.345 13112.763
10352.634 13422.568
10590.756 13643.368
10807.892 13851.420
11042.064 13989.121
11251.541 14210.359
11473.092 14298.498
11694.279 14567.681
11846.690 14612.475
12027.570 14627.852
12140.509 14771.852
12270.700 14962.040
12223.896 15156.677
12360.343 15364.636
12467.004 15600.836
12573.939 15789.270
12737.661 15957.110
13033.272 16259.643
13289.390 16554.381
13485.736 17051.311
13782.913 17386.938
14027.710 17661.727
14249.271 18272.277
14537.466 18748.865
14958.926 19260.467
15112.459 19872.979
15436.865 20198.311
15808.255 20756.373
16207.622 21046.869
16592.318 21500.941
16862.412 21724.666
17235.270 21847.131
17585.734 22084.414
17810.787 22089.283
18139.807 22016.295
18122.717 21992.293
18090.357 21934.553
17991.322 21872.805
18018.084 21618.002
18022.029 21534.137
17930.777 21346.188
17751.754 21139.926
17669.176 21072.664
17499.605 20863.107
17237.316 20982.842
17060.088 20900.465
16881.682 21054.957
16716.291 21374.828
16757.176 21785.398
16801.145 22174.643
16629.482 22440.127
16842.402 22908.791
17100.662 23429.010
17584.182 24094.260
18118.520 24542.793
18648.975 25147.445
19366.484 25633.889
20131.061 26001.451
20815.697 26522.674
21340.898 27056.848
21817.516 27375.244
22425.061 27539.596
22874.727 27789.465
23359.443 27840.852
23593.965 27513.963
23712.635 27709.908
23771.578 27420.326
23700.904 27165.598
23529.529 26854.174
23454.971 26420.184
23184.260 26136.547
22690.180 25807.650
22512.648 25746.033
22342.486 25845.365
21766.941 25459.072
21466.285 25309.949
21103.814 25709.852
20628.203 25874.844
20260.250 26032.166
19993.592 26236.771
19793.043 26586.078
19482.213 26936.814
19486.219 27397.098
19549.992 27951.383
19633.752 28344.336
19937.547 28968.602
20399.453 29590.932
20829.482 30283.441
21274.520 30891.172
21969.746 31191.910
22789.580 31353.957
23341.584 31341.504
23942.795 31455.275
24467.279 31770.740
24854.584 31717.859
25117.129 31367.979
25238.203 31431.426
25471.779 31121.254
25522.275 30947.736
25394.881 30783.443
25331.938 30454.775
25129.186 29986.902
25017.307 29974.188
24850.221 29714.775
24667.820 29235.422
24675.115 29023.523
24453.336 28384.227
24387.961 28343.537
24007.637 28190.525
23978.648 28084.070
23798.656 27905.619
23589.742 28074.604
23270.283 28445.271
23040.316 28593.064
22931.062 28961.600
22630.898 29217.203
22344.072 29368.531
22159.611 29440.016
22043.162 29561.055
21877.232 29775.832
22047.221 29778.998
22069.227 29752.721
22166.604 29816.852
22176.230 29659.354
22250.131 29478.336
22017.912 29307.947
22041.691 28960.363
21955.879 28798.785
21697.129 28065.557
21574.303 27757.264
21360.273 27181.527
21186.920 26902.512
20857.500 26355.010
20623.293 25959.832
