6359.789 9451.790 9248.836 9987.388
6526.747 9270.934 9836.395 10821.559
6449.956 9098.404 10397.041 11519.243
5881.778 8328.877 10777.027 11911.873
5186.395 7856.869 11654.985 12153.036
4318.997 7509.011 11713.741 12239.949
4430.203 9005.413 11917.261 12175.906
3714.497 9586.986 11831.466 12152.963
4088.903 10802.069 11629.112 11982.624
4343.285 11302.002 11252.702 11688.306
3875.503 11605.370 10928.928 11520.058
4354.681 12208.598 10596.590 11185.907
4593.766 12700.882 10361.680 10763.990
4865.411 12889.392 10044.213 10604.742
4999.691 13088.027 9769.358 10329.075
5278.096 13352.935 9536.640 10175.517
5581.204 13969.222 9430.512 9961.766
5716.635 13843.851 9403.113 9818.904
5773.480 13645.742 9219.185 9555.929
5925.468 13741.978 9271.593 9478.030
6037.706 14044.386 9032.532 9158.110
5827.932 13719.280 8913.319 8975.679
5866.181 13673.054 8769.355 8871.492
5672.999 13563.675 8609.982 8662.515
5743.428 13443.559 8530.287 8413.832
5738.894 13329.634 8386.154 8342.867
5683.003 13284.046 8371.493 8177.530
5696.917 13248.806 8139.342 8182.688
5701.517 13208.420 7929.006 8042.935
5480.123 13179.190 7813.405 7926.817
5375.392 12995.827 7847.456 7795.651
5283.524 12935.127 7791.354 7796.017
5261.689 12882.458 7853.979 7699.458
5172.793 12823.899 7763.556 7610.399
5223.060 12802.072 7628.188 7615.295
5268.853 12951.810 7375.603 7517.198
5379.841 12925.194 7278.487 7487.081
5398.276 13048.976 7336.658 7516.987
5514.248 13265.434 7296.509 7520.227
5619.723 13648.608 7450.371 7537.623
5809.422 13933.075 7482.356 7703.597
6108.457 14239.607 7497.303 7636.798
6258.101 14533.965 7525.267 7775.566
6417.919 14904.604 7535.922 7836.039
6609.025 15160.377 7627.094 7938.962
6749.812 15478.830 7736.826 7972.011
6886.231 15799.285 7697.282 8062.975
7072.071 16080.444 7763.635 8188.241
7105.830 16289.809 7871.880 8292.221
7210.784 16435.389 7974.498 8244.086
7380.709 16391.137 8093.638 8368.577
7556.527 16513.137 8280.211 8430.624
7685.720 16377.947 8400.733 8418.557
7764.961 16453.891 8422.013 8502.068
7757.156 16329.896 8453.265 8487.593
7826.972 16317.682 8718.294 8523.439
7915.477 16300.251 8743.120 8609.023
7915.939 16314.509 8808.305 8465.144
7889.569 16357.964 8830.145 8596.373
7852.380 16382.333 8790.589 8692.368
7801.248 16441.678 8769.291 8714.518
7827.667 16556.842 8766.186 8745.726
7828.961 16785.021 8837.464 8959.129
8075.715 16710.789 8929.221 9100.189
8295.029 16998.371 9059.401 9309.453
8532.625 17283.123 9196.095 9454.667
8790.771 17824.318 9342.368 9590.866
8903.471 18111.461 9470.809 9733.180
8917.146 18516.906 9625.386 9901.315
9118.396 19282.533 9584.538 10054.021
9322.784 19867.121 9708.508 10200.664
9559.659 20027.049 9617.379 10157.555
9704.062 20396.244 9785.263 10378.918
9928.623 20635.277 9972.132 10624.774
10207.040 20952.102 10130.781 10677.664
10259.435 21063.744 10396.454 10762.340
10214.900 21206.863 10674.875 11007.553
10204.254 21090.012 10845.218 11018.424
10284.871 21030.447 10820.463 10911.184
10321.187 20990.301 10564.908 10791.420
10271.409 20675.744 10547.151 10679.263
10413.500 20111.574 10599.867 10612.101
10222.352 19720.525 10663.763 10681.237
10154.354 19327.088 10637.161 10636.641
10395.638 18804.826 10749.781 10526.271
10345.545 18507.703 10620.477 10446.152
10024.692 18145.127 10623.179 10330.921
10053.036 17797.938 10620.720 10349.518
10096.441 17417.684 10698.344 10502.362
10074.775 17236.549 10744.558 10464.098
9865.144 17093.156 10796.385 10636.502
9849.352 16953.611 10749.873 10957.541
10046.526 17058.691 10942.244 11108.700
10054.005 17360.061 11153.473 11363.632
10236.857 17685.156 11073.231 11716.226
10469.048 18051.088 11351.006 12320.288
10687.494 18723.865 11609.885 12818.213
10960.790 19504.611 11690.138 13168.853
11191.189 20159.598 11869.742 13500.981
11530.104 20671.934 12046.198 13878.476
11780.356 21232.697 12250.333 14147.143
11962.254 21608.980 12274.955 14259.755
12068.865 22158.551 12537.806 14297.094
12363.876 22356.346 12397.816 14230.265
12118.266 22414.967 12388.404 14190.199
12032.497 22492.416 12422.434 14195.705
11920.620 22558.086 12426.084 14096.279
11850.053 22337.701 12455.936 14053.294
11459.346 22057.221 12592.760 13875.242
11186.617 21339.436 12624.272 13661.787
10944.501 20910.146 12590.457 13313.576
10757.259 20368.611 12544.554 13127.749
10440.981 19926.979 12611.719 13018.044
10173.774 19447.895 12383.311 12808.641
10026.457 18906.564 12404.577 12644.604
9814.477 18248.654 12295.137 12395.195
9422.938 17945.178 12272.256 12223.130
9171.144 17503.879 12294.370 12015.051
9028.847 17411.521 12436.413 12047.622
9010.979 17301.045 12669.459 12112.920
8955.929 17228.611 12583.900 12230.855
9168.398 17276.223 12687.508 12539.951
9204.824 17560.328 12740.224 12746.736
9478.196 18047.551 12901.098 13087.307
9807.279 18718.947 13468.323 13566.911
10158.510 19579.646 13882.970 14097.646
10431.939 20455.145 14274.716 14557.141
10694.684 21570.283 14430.853 14901.332
11232.050 22478.076 14564.631 15270.898
11780.478 23282.320 14661.700 15511.153
12120.840 24491.623 14938.280 15828.732
12442.562 25137.713 14849.405 16145.604
12421.437 25612.645 15039.391 16215.963
12483.706 26193.697 14899.264 16148.898
12574.046 26283.070 14819.143 16202.242
12523.607 26241.391 14632.133 16042.823
12370.174 26156.447 14673.697 15933.365
12309.691 25911.074 14486.176 16053.522
12010.859 25536.348 14311.859 15748.724
11937.039 25332.615 14104.427 15796.299
11762.159 24867.488 13886.270 15591.703
11433.334 24536.238 13870.616 15514.487
11189.742 23836.000 13838.452 15332.159
11042.176 23181.629 13568.629 15080.737
10612.361 22624.510 13515.937 14948.467
10426.437 22181.531 13603.152 14855.073
10117.288 21496.133 13420.702 14612.824
9852.890 21060.918 13456.251 14522.151
9780.657 20771.762 13486.056 14439.533
9779.821 20534.352 13585.139 14474.417
9834.323 20398.002 13820.747 14474.634
9942.675 20402.018 13979.660 14567.736
10064.943 20755.764 14268.466 14812.245
10143.705 21395.770 14593.247 15019.988
10263.129 22100.754 15018.909 15446.012
10699.415 22899.594 15235.480 15634.058
10846.062 23718.041 15471.565 16004.229
11164.102 24820.125 15455.882 16379.326
11552.076 25659.227 16004.512 16768.912
12045.058 26312.527 16328.796 17034.520
12064.624 27317.326 16618.797 17236.205
12378.487 28040.229 16799.230 17416.104
12499.354 28464.057 16802.646 17464.598
12792.083 28984.184 16959.949 17409.982
12950.007 29281.994 16821.385 17523.627
13081.474 29433.482 16573.088 17589.709
13007.042 29169.326 16483.465 17580.506
13161.911 28953.002 16195.123 17544.012
12994.847 28776.975 16034.800 17401.014
12365.050 28438.896 15829.516 17179.707
12198.017 27810.023 15857.930 17010.879
11908.229 27281.379 15711.285 16719.400
11430.735 26924.549 15450.836 16580.926
10828.980 26320.527 15262.318 16262.524
10661.197 25559.461 14927.534 15992.217
10481.695 24566.826 14954.351 15691.734
10437.053 23878.783 14855.916 15542.392
10012.169 23212.178 14909.335 15314.409
9915.088 22497.938 14824.782 15175.191
10051.984 21902.209 14765.732 14966.768
9736.059 21767.955 14719.912 14711.785
9428.876 21663.762 14685.902 14586.397
9197.854 21600.279 14928.371 14445.679
9200.541 21791.586 15144.288 14429.456
9360.172 21954.574 15469.739 14382.153
9406.158 22136.473 15634.488 14483.231
9520.075 22410.029 15989.762 14565.074
9840.133 22701.680 16322.666 14611.337
9961.108 23437.912 16498.076 14836.979
10108.612 23993.625 16725.756 14875.855
10307.442 24584.127 17130.559 14979.887
10850.578 24665.330 17337.197 14954.861
10916.535 25246.520 17339.385 14915.979
10951.722 25665.777 17167.434 15025.351
11033.411 26132.457 17169.064 15036.874
10807.519 26371.236 17105.320 15089.938
10960.476 26237.902 16878.695 15228.756
10931.793 26248.016 16705.785 15145.337
10965.491 26183.336 16227.907 15257.233
10783.233 25851.262 16101.469 15117.187
