20850.371 23081.135 21301.660 23948.529
21065.680 22956.393 21240.553 23751.443
21133.270 23391.477 21133.246 23561.459
21209.791 22922.727 20978.145 23425.900
20879.727 22756.514 20710.205 23068.791
20481.250 22351.283 20228.121 22209.012
19980.217 21996.119 19895.590 21758.191
19418.689 21481.381 19589.703 21477.809
19217.529 21177.879 19191.566 20908.895
18839.846 20561.705 18728.076 20562.299
18603.742 20383.561 18296.541 20109.625
18600.857 20226.115 17993.098 19511.688
18206.932 20018.375 17575.994 19204.527
18285.459 19646.711 17486.791 18934.018
18146.902 19459.918 17474.635 18641.336
17915.432 19365.008 17241.373 18423.496
17885.916 19004.682 17364.400 18195.984
17786.916 19082.432 17138.756 18370.725
17869.455 19192.680 16986.654 18039.521
18001.809 19077.822 16978.643 18121.012
17824.650 19171.432 16816.246 18173.943
17851.881 19482.322 16876.307 17862.621
17950.648 19725.219 16760.754 17988.695
18098.336 20035.750 16690.869 17699.109
18087.752 20286.760 16668.123 17764.627
17939.768 20202.223 16581.889 17600.736
18020.928 20761.496 16765.947 17658.762
18239.799 20958.844 16879.172 17795.680
18396.352 21324.891 17091.643 17870.625
18372.723 21761.814 17237.354 17936.293
18286.268 22068.201 17351.406 17882.504
18365.635 22566.037 17377.721 18152.795
18505.352 22926.627 17943.936 18427.340
18527.197 23290.357 18235.109 18585.070
18567.594 23621.691 18436.932 18820.139
18653.545 24111.400 18862.889 19224.359
18676.229 24371.107 19032.459 19504.668
18640.994 24509.635 19398.715 19845.756
18763.646 24720.105 19513.998 19937.457
18950.758 24797.363 19846.258 19996.203
18911.375 24701.238 19881.791 20218.174
19022.148 25147.531 20261.365 20473.285
19051.525 25341.385 20320.975 20540.365
18829.090 25194.115 20710.684 20599.484
18859.088 25482.229 20625.941 20798.678
19089.254 25666.229 20467.730 20536.777
18732.848 25538.139 20547.688 20550.566
18690.701 25572.182 20517.668 20636.293
18564.887 25560.029 20579.268 20817.504
18484.873 25787.123 20611.887 20712.756
18550.064 25629.873 20745.184 20594.750
18472.648 25586.818 20798.822 20616.066
18506.451 25558.783 20757.590 20619.971
18660.521 25640.021 20933.717 20872.145
18773.506 25916.021 21199.799 20829.084
18937.121 25878.363 21104.908 20942.760
18842.465 26042.889 21046.422 20920.943
18932.588 26127.508 21139.432 21043.209
19037.889 26358.150 21311.328 21418.430
18990.572 26547.068 21750.428 21596.326
18819.875 26710.121 22001.566 22038.721
18788.066 26625.492 22292.299 22372.574
18809.658 26531.168 22614.404 22500.592
18934.695 26804.744 22881.230 22832.506
18956.738 26761.240 23400.500 23031.803
18785.127 26617.182 23272.732 22950.895
18759.102 26281.662 23281.205 22898.543
18788.230 26139.482 23609.230 22937.320
18508.598 26055.561 23284.111 22815.012
18586.041 25524.705 23360.256 22853.535
18289.852 25052.443 23241.689 22498.963
18408.607 24909.441 22942.811 22567.934
18018.301 24454.596 22855.779 22194.809
17810.951 24020.621 23031.580 21910.219
17709.281 23732.691 22874.547 21618.363
17718.008 23430.855 22815.822 21111.119
17602.010 23487.125 22693.467 21058.164
17616.512 23203.363 22334.936 20963.008
17460.809 23410.740 22231.912 20830.121
17513.559 23452.420 22309.729 20604.363
17320.484 23676.295 22318.648 20629.508
17472.471 23679.090 22147.055 20726.822
17460.652 24006.283 21844.738 20932.131
17737.354 24652.953 21530.865 21323.855
18105.516 24841.354 21958.543 21739.980
18477.357 25157.211 22033.898 22073.463
18843.684 25409.645 21919.584 22766.111
18896.762 26137.340 22461.578 23100.088
18736.848 26135.875 22593.688 23257.588
18617.889 26408.270 22958.309 24344.398
18730.238 26294.920 22829.678 24566.744
18466.527 26206.811 22861.492 24885.990
18561.211 26067.830 23090.527 25073.068
18512.207 26057.838 23388.205 25371.877
18218.840 25850.701 23407.652 25662.670
18125.207 25643.064 23221.350 25485.934
17960.502 25346.799 23272.680 25234.658
17894.355 25131.621 22987.148 25113.990
17821.746 24708.576 22933.787 25020.672
17682.680 24286.547 22609.262 24873.629
17495.166 24181.518 22447.268 24366.508
17428.539 24029.814 22432.199 24125.363
17427.873 23877.457 22017.982 23538.402
17173.143 23878.814 21942.172 23365.896
17105.422 24221.373 21818.193 22948.336
17063.828 24326.025 21644.158 22945.350
17154.738 24713.828 21596.611 22538.164
17229.752 25035.744 21486.230 22480.992
17417.533 25331.918 21596.326 22489.021
17429.025 25834.551 21453.537 22531.428
17713.309 26675.551 21732.967 22628.918
18280.166 27410.814 21635.137 23170.877
18495.488 27836.818 21819.588 23975.162
18856.900 28100.334 21824.076 24432.535
19143.984 28790.627 22314.080 25199.533
19825.479 28842.109 22139.074 25790.191
19837.014 28965.398 22609.049 26029.914
20169.395 28861.926 22718.803 26700.697
20242.043 28959.980 23029.305 27432.521
20317.414 28966.703 23381.641 27733.336
20217.770 28685.621 23227.061 27869.623
20003.664 28599.635 23136.477 28397.227
20181.439 28636.895 23228.434 28367.029
20241.316 28208.764 23314.988 28269.439
20231.764 27925.617 23685.334 28548.850
20059.207 27297.557 23812.971 28196.844
19888.492 27120.006 23780.529 28200.252
19905.549 26709.648 23982.152 27814.875
19653.217 26888.385 24046.184 28137.162
19334.254 26814.613 23911.914 27797.631
19061.273 26977.533 24099.291 27350.482
19266.416 27206.982 23995.250 26954.213
19053.881 27826.693 24090.314 26872.658
19023.393 28230.566 24049.494 26733.967
19244.617 28990.209 24121.311 26875.537
19509.955 29707.418 24045.479 26433.000
19626.576 30342.318 24137.033 26339.697
19979.027 30846.955 24118.178 26276.314
19727.340 31560.098 24190.150 26590.164
20289.205 32197.092 24026.023 26719.658
20712.543 32458.033 24397.051 27353.688
21033.592 32919.145 24490.064 27719.199
21251.230 32883.926 24946.852 28382.814
21699.465 33141.199 25234.066 29229.041
22122.582 33130.703 25547.244 30007.844
22613.812 32878.219 25994.143 30698.027
23038.166 32526.764 26270.895 31333.244
23404.465 32176.322 26161.453 31742.555
23506.205 31756.926 26288.125 32233.713
23605.361 31469.350 26060.289 32514.633
23809.902 30947.979 25816.275 33077.695
23595.945 30350.896 25633.500 33367.715
23404.359 29832.164 25693.283 33277.230
23414.891 29653.471 25450.965 33309.719
23090.504 29338.816 25018.408 33035.246
23052.736 29276.768 24968.014 33042.996
22815.484 29028.211 24847.160 32630.973
22656.225 29248.248 24803.217 31801.631
22985.342 29359.502 24793.613 31710.734
22487.434 29226.793 24637.967 30942.250
22719.650 29651.605 24501.430 30823.869
22790.738 30357.639 24609.385 30544.162
22691.900 31280.012 24535.441 30136.619
22838.191 31956.660 24546.037 30008.416
22910.906 33102.207 24360.059 29747.520
23145.016 33649.035 24509.221 29103.953
23536.736 34431.750 24382.639 29169.035
23789.666 35012.902 24531.027 29458.826
23994.775 35089.160 24849.188 29067.598
24435.357 35576.121 25197.062 29358.754
24729.727 35841.117 25305.764 29839.145
24972.463 35871.867 25772.084 30041.293
24976.629 36034.055 26136.627 30943.334
25065.566 36049.293 26209.816 31483.764
25397.518 35722.719 26458.301 32197.574
25428.482 35776.895 26481.619 32711.723
25780.941 35597.633 26844.645 32889.148
25879.508 35249.434 27003.246 33280.820
25939.629 34878.922 27086.818 33301.484
25702.584 34668.902 27113.441 33533.566
25931.471 34407.996 27332.002 33689.016
25772.342 34546.594 27008.531 33401.246
25835.861 34467.625 26792.051 33590.820
25859.240 34420.445 26386.324 33715.199
25601.695 34114.828 26327.855 33675.797
25677.070 34422.293 26058.037 33249.895
25535.697 34653.246 26182.078 32703.871
25181.543 35106.754 26365.674 32629.730
25180.105 35878.770 26130.018 32234.467
24934.998 35853.652 25991.439 32202.848
24714.307 36050.352 25978.215 31783.957
24727.256 36601.176 25627.738 31302.703
24868.070 36859.293 25653.863 30969.531
24747.000 37088.898 25349.145 30885.590
25003.029 37154.477 25262.527 30791.131
24844.568 37163.102 25514.586 30687.416
25241.658 37449.320 25402.783 31087.967
25322.479 37135.227 25326.035 30827.441
25290.225 37249.832 25403.605 30720.748
25466.760 37153.715 25140.713 30723.598
