10959.823 9579.303 12287.047 9008.031
11846.290 10243.519 13445.507 9746.687
12589.616 10905.056 14399.550 10336.698
12830.962 11227.793 15093.127 10843.691
13390.300 11796.516 15167.965 11207.427
13557.821 11861.884 15112.565 11055.289
12943.533 11704.937 14813.955 11218.414
12639.751 11650.862 14761.573 11193.403
12858.185 11632.632 14367.130 11180.450
12750.888 11300.104 13994.481 10908.548
12232.903 11094.764 13720.910 10905.074
11640.191 10928.358 13164.370 10754.962
11154.311 10392.021 12628.589 10558.830
10967.431 9882.779 12425.758 10444.819
10547.845 9483.046 12001.559 10229.142
10155.553 9223.704 11578.325 10056.578
9517.303 9057.925 11296.207 9838.533
9218.094 8763.486 10903.718 9672.651
9182.110 8613.502 10649.180 9508.757
9000.000 8487.201 10511.158 9327.101
8902.344 8413.857 10260.222 9174.723
8848.599 8275.972 10190.476 9062.420
8714.217 8230.558 10023.041 8901.085
8712.479 8199.456 9798.249 8799.465
8659.048 8147.647 9648.960 8625.324
8548.371 8215.182 9566.334 8604.124
8630.992 8242.416 9500.508 8596.442
8712.402 8219.216 9478.267 8563.416
8769.719 8321.829 9403.257 8514.184
8766.020 8262.417 9279.868 8501.636
8921.219 8248.919 9339.347 8416.494
8953.782 8264.026 9386.314 8437.514
8960.740 8374.212 9348.985 8407.917
9011.563 8416.307 9347.554 8397.180
8958.674 8528.923 9385.716 8362.996
9164.771 8617.274 9440.521 8382.817
9258.083 8684.032 9611.458 8440.652
9296.051 8854.508 9564.531 8418.707
9296.735 9160.129 9598.035 8423.268
9599.134 9390.015 9709.785 8512.700
9623.571 9625.931 9800.210 8499.166
9801.108 9893.887 9854.826 8555.007
9801.405 10288.171 10051.172 8667.529
9990.926 10322.079 10101.865 8722.077
10135.818 10502.690 10210.688 8841.881
10301.909 10640.514 10336.160 8986.346
10389.345 10882.176 10471.184 9074.854
10525.727 10961.058 10424.700 9193.131
10502.677 11274.997 10515.272 9264.334
10393.078 11394.321 10566.506 9309.357
10404.575 11504.797 10668.638 9370.752
10661.853 11540.339 10613.904 9517.444
10883.415 11665.090 10746.483 9583.293
11096.276 11686.100 10736.511 9835.938
11182.021 11816.897 10541.486 9909.768
11398.202 11898.766 10854.329 10198.027
11565.212 12010.444 11008.424 10354.064
11822.472 12156.637 11154.336 10644.696
12257.088 12284.804 11428.966 10874.480
12534.745 12585.638 11636.457 11084.090
12895.510 12938.244 11925.666 11370.761
13142.345 13211.240 12108.716 11516.644
13579.193 13602.575 12387.121 11829.026
14047.042 13932.938 12675.941 12308.256
14364.245 14388.873 13017.782 12646.521
14670.025 14756.775 13322.486 13055.404
14924.023 15075.252 13448.660 13288.338
15318.934 15314.023 13639.317 13462.979
15509.446 15385.403 13877.133 13713.258
15870.758 15577.908 13928.278 13852.969
16127.465 15601.193 13999.330 13926.355
16426.871 15550.587 13984.898 14118.202
16678.064 15684.012 14135.409 14347.010
16932.828 15754.463 14013.636 14407.026
16972.797 15564.991 13818.219 14568.832
16980.881 15582.145 13678.213 14397.176
16909.541 15619.604 13480.195 14375.906
16958.850 15608.941 13381.716 14270.651
16707.916 15658.761 13249.423 14240.216
16831.002 15617.082 13021.910 14254.149
16660.301 15585.480 12863.851 14279.878
16676.805 15496.053 12803.911 14253.543
16578.256 15394.188 12696.474 14185.300
16532.260 15405.410 12588.852 14310.307
16576.871 15520.290 12765.957 14393.295
16579.619 15721.515 12946.093 14373.654
16650.646 15765.703 13030.443 14455.396
16784.781 15833.302 13314.685 14581.059
16676.982 16235.021 13676.831 14798.812
16904.828 16772.285 13639.456 15005.701
17404.338 17153.518 14291.818 15424.933
17695.873 17487.539 14639.882 15800.011
18415.104 17848.010 15247.208 16200.839
18970.982 18307.619 15693.791 16546.119
19622.105 18687.574 16123.629 16775.445
20230.182 19167.006 16665.016 17090.395
20825.377 19463.537 17296.209 17384.217
21416.678 19824.502 17600.641 17779.137
21888.914 19854.094 18201.080 18213.037
22088.225 20082.295 18472.201 18412.420
22319.727 20156.461 18597.178 18520.926
22763.889 20320.744 18502.773 18657.309
22871.684 20136.914 18645.150 18802.168
23099.240 20293.182 18620.152 18785.959
23103.244 19864.852 18755.537 18871.254
23148.590 19772.672 19004.322 18835.168
23441.004 19627.295 18925.316 19012.631
23313.629 19526.555 18987.479 19266.826
23262.033 19450.943 18605.969 19303.012
23286.551 19288.014 18841.891 19367.014
23024.820 18984.070 18749.916 19342.957
23051.311 18814.213 18725.039 19555.219
22714.316 18773.035 18185.299 19454.494
22543.303 18609.248 18442.826 19384.549
22423.689 18614.133 18542.381 19282.051
22159.018 18399.643 18877.162 18870.033
22350.812 18570.338 18724.092 18959.312
22644.840 18657.279 19201.338 18748.803
22649.885 18788.342 19823.207 18808.900
22934.080 19064.957 20531.016 19004.654
23500.875 19564.873 21181.100 18997.662
24154.502 19753.480 21687.355 19053.992
24942.809 20329.240 22703.645 19039.902
25338.219 20721.248 23586.273 19324.959
25934.803 21094.977 24403.613 19667.131
26895.260 21568.695 25314.910 19833.186
27338.365 21961.715 25802.607 20217.613
28014.029 22353.072 26212.955 20240.105
28537.359 22574.340 26701.611 20369.141
29081.850 22858.654 26899.045 20255.891
29485.270 23182.531 26837.584 20310.385
29598.471 23227.750 27023.074 20448.475
29527.354 23262.928 26875.350 20546.850
29738.508 23369.559 27014.086 20667.557
29797.387 23435.955 26661.035 20542.973
29567.080 23512.600 26266.197 20522.381
29493.256 23455.455 25467.814 20436.805
29736.518 23267.645 25119.393 20346.201
29768.428 22742.934 24626.875 20350.312
29890.176 22565.820 24225.711 20323.381
29611.018 22286.941 23838.025 20324.582
29518.654 21882.344 23654.000 20345.828
29330.971 21482.604 22961.346 20154.633
29270.084 21194.691 22649.295 20074.256
29094.855 21116.816 22359.365 19966.707
28981.229 20948.729 22443.887 19851.975
28670.551 20848.742 22148.945 19415.430
28540.121 20854.293 22298.797 19252.150
28386.344 20819.322 22357.797 19392.211
28259.715 20689.547 22706.596 19126.428
27981.809 21187.016 22273.406 18894.879
28002.914 21219.205 22542.010 18715.299
28163.613 21308.670 23220.949 18800.367
28289.131 21554.029 23858.234 18514.127
28416.711 21688.111 24615.027 18452.424
28557.229 21845.133 25138.811 18194.604
28769.490 21753.867 25617.332 18051.182
28870.402 21739.344 26037.248 18180.020
29081.305 21957.611 26360.164 18293.680
29374.328 21731.176 26675.219 18352.949
29421.238 21645.895 26768.045 18179.877
29290.266 21661.348 26581.264 18018.672
29194.381 21445.838 26481.461 17931.016
29477.133 21239.273 26568.537 17853.773
29056.412 20969.766 26206.809 17753.443
28431.945 20640.322 25873.771 17507.947
28221.775 20409.383 25545.322 17367.947
27705.293 20117.260 25171.213 17223.109
27302.148 19929.258 24772.852 17163.541
26855.242 19563.783 24554.955 17176.461
26366.322 19336.307 24017.082 16893.209
25844.666 19215.445 23592.213 16730.977
25454.949 18884.895 23134.672 16604.074
25044.928 18554.922 22675.535 16399.096
24645.418 18321.742 22347.955 16122.501
24172.361 18131.297 21905.910 15847.423
23971.535 18083.451 21450.789 15554.328
23954.020 17804.277 20583.266 15251.951
23758.506 17835.912 20529.061 15242.845
23412.197 18060.729 20396.734 15270.443
23088.566 18075.727 20416.551 15143.181
22780.096 18111.111 20358.072 14943.053
22495.062 18234.775 20477.150 14866.309
22405.354 18252.893 20594.387 14685.712
22112.164 18295.170 20818.533 14529.232
21866.533 18486.691 20987.525 14387.384
21568.102 18502.168 21048.865 14570.472
21515.645 18802.814 21049.457 14554.782
21386.654 18808.209 21175.697 14623.938
21150.604 18707.273 21103.705 14522.038
20913.377 18583.742 21135.256 14547.552
20556.053 18449.221 21083.363 14534.344
20337.463 18365.391 21023.887 14535.868
19982.125 18152.463 21067.916 14710.225
19750.566 18106.988 21030.535 14759.444
19423.100 17916.025 20872.566 14490.358
19188.199 17574.947 20703.895 14567.029
18929.592 17368.439 20714.396 14766.503
18572.363 17284.160 20419.939 14740.441
18272.355 17043.014 20358.760 14790.258
