12587.285 11458.778 10332.520 12409.190
12850.172 11507.033 10752.437 12458.883
13036.740 11460.989 10991.013 12916.016
13301.455 11577.199 11137.474 13076.803
13391.206 11677.732 11247.125 13158.524
13228.031 11588.256 11298.177 12960.544
13293.726 11597.276 11091.320 12952.197
13217.720 11527.246 11038.864 13046.708
12739.949 11373.184 11073.286 12718.131
12637.273 11502.400 10949.060 12610.177
12474.094 11416.949 10999.392 12411.938
12675.875 11325.861 11065.619 12546.662
12314.394 11140.412 10930.620 12299.564
12252.766 10895.328 10790.376 12223.920
12159.523 10548.482 10542.520 12019.991
12061.160 10360.363 10390.898 11776.172
11622.162 10109.794 10273.920 11762.099
11181.549 10028.766 10190.647 11381.993
10566.356 9905.537 9961.245 11270.809
10196.867 9647.396 9840.189 11105.111
10159.332 9731.413 9715.004 10830.735
10118.747 9692.607 9528.224 10774.448
9867.510 9381.364 9398.550 10616.262
9730.413 9236.504 9328.253 10505.592
9529.173 8973.543 9194.146 10376.302
9385.341 8788.185 9117.023 10307.948
9251.355 8578.290 9086.436 10173.646
9250.284 8499.355 9074.530 10257.841
9328.345 8533.029 9030.345 10097.756
9457.643 8441.776 9131.188 10069.912
9435.861 8426.676 9070.549 10085.669
9423.863 8384.704 9164.751 10300.215
9542.158 8431.980 9227.256 10381.376
9477.998 8498.249 9302.695 10454.568
9524.405 8584.040 9428.523 10720.179
9564.685 8611.488 9595.444 10865.103
9581.105 8657.094 9887.342 10803.871
9742.596 8873.157 10147.849 10954.604
9810.751 8989.177 10301.695 11159.139
9960.513 9108.233 10544.979 11330.646
10114.630 9217.720 10696.765 11585.518
10175.034 9438.394 10954.989 11849.927
10383.109 9513.238 11158.332 11864.504
10514.532 9677.614 11360.562 12003.869
10721.318 9867.739 11648.175 12282.802
10911.314 9963.476 11763.185 12399.274
11100.970 10135.756 11926.293 12549.974
11380.628 10218.680 12059.644 12768.683
11568.489 10292.212 12200.472 12995.605
11662.146 10255.084 12368.599 13055.202
11829.412 10358.545 12539.416 13142.096
11941.872 10325.945 12583.271 13290.944
12233.984 10403.558 12444.695 13374.057
12603.885 10588.284 12510.365 13424.354
12714.203 10669.232 12399.171 13502.053
12751.953 10765.181 12520.123 13495.472
12919.350 10861.062 12686.690 13538.618
12939.664 10846.598 12807.945 13579.608
13057.329 11054.792 13080.030 13678.397
13162.855 11129.978 13162.624 13663.393
13252.694 11202.623 13301.421 13728.712
13458.441 11333.133 13314.586 13917.082
13625.420 11448.169 13605.051 14072.704
13811.255 11585.460 13867.219 14186.305
13947.027 11816.215 14182.832 14317.444
13972.970 11921.939 14230.325 14343.516
14069.492 12140.899 14357.503 14518.721
14127.209 12248.807 14620.456 14544.505
14160.571 12397.277 14701.473 14541.604
14269.286 12432.864 14713.516 14523.703
14327.460 12451.175 14762.765 14538.246
14151.995 12465.815 14576.739 14535.506
14181.087 12487.762 14490.250 14535.275
13970.803 12492.004 14326.347 14642.086
13813.820 12525.727 13979.570 14688.942
13648.815 12508.730 13759.068 14755.498
13572.420 12450.138 13584.875 14796.780
13579.932 12371.636 13572.992 14761.710
13525.842 12286.989 13418.742 14734.477
13513.648 12157.001 13310.058 14548.399
13478.240 12098.573 13147.581 14493.990
13416.258 11945.758 13129.136 14445.810
13157.063 11936.679 13063.000 14435.882
13121.273 11911.933 12942.749 14284.095
13068.734 11864.425 13059.301 14317.387
13095.598 11872.146 13169.272 14240.364
13127.183 11908.786 13227.296 14375.740
13151.423 11939.356 13435.572 14436.966
13289.234 12061.925 13705.566 14523.831
13446.303 12318.329 13945.960 14757.835
13656.759 12442.025 14259.624 14829.094
13745.792 12630.838 14588.024 15049.783
13965.889 12796.493 14943.472 15289.720
14216.425 13017.060 15329.550 15215.183
14555.551 13090.214 15813.157 15309.201
14756.768 13169.529 16253.353 15421.899
14911.683 13280.872 16571.098 15357.366
14999.805 13385.329 16961.207 15418.938
14931.072 13371.453 17106.779 15356.053
14960.733 13315.600 17140.027 15209.143
14825.367 13237.544 17177.352 15101.353
14669.758 13100.473 17159.383 15087.457
14541.015 12909.887 17075.803 14985.151
14400.562 12810.965 17046.453 14832.115
14138.840 12731.506 16791.225 14865.165
13936.093 12737.811 16598.758 14841.225
13771.546 12702.897 16500.539 14680.139
13660.812 12688.261 16252.041 14701.045
13403.900 12602.610 16223.966 14651.570
13140.793 12664.539 16144.999 14579.884
13041.706 12697.577 16029.621 14549.048
12938.314 12864.764 16139.002 14662.374
12889.201 12835.754 16201.406 14642.744
12842.409 12903.493 16315.750 14685.399
12979.402 13039.289 16321.061 14843.761
13025.881 13123.376 16520.402 14902.073
13195.393 13375.791 16671.291 15066.462
13488.595 13426.212 17167.836 15320.746
13721.321 13635.276 17539.420 15622.538
13994.147 13955.408 17963.652 15962.348
14319.008 14212.974 18547.312 16250.016
14791.784 14545.616 19109.439 16456.580
15093.899 14833.429 19513.986 16856.061
15690.300 15302.359 19962.324 17245.578
15968.547 15578.612 20367.141 17437.457
16307.937 15897.737 20747.209 17655.490
16659.053 16142.206 21135.906 17680.742
16911.402 16373.670 21491.562 17740.482
16989.006 16426.725 21653.262 17657.314
17034.986 16302.376 21823.637 17601.959
17105.582 16592.537 21861.154 17448.746
17146.371 16615.992 22058.748 17438.971
16856.986 16763.033 21964.518 17375.533
16591.410 16649.047 22123.199 17033.037
16466.309 16604.104 22109.568 16866.201
16363.931 16453.553 21821.039 16711.246
16098.815 16337.960 21567.896 16574.641
15891.797 16097.919 21374.395 16456.338
15524.621 16134.453 20958.395 16477.488
15227.657 16053.388 20773.701 16424.879
14916.305 15857.109 20928.008 16437.783
14782.404 15814.559 20668.744 16648.168
14631.048 15726.881 20871.084 16778.324
14705.478 15655.250 21069.256 16998.990
15134.295 15682.090 21253.871 17263.938
15215.740 15753.695 21340.447 17507.365
15258.938 15946.023 21406.266 17708.820
15758.567 16323.008 21787.984 18032.287
16439.338 16618.316 22145.990 18398.836
16949.230 17080.791 22216.961 18859.711
17434.564 17561.832 22958.307 19472.369
18099.744 18375.979 23290.885 19848.088
18922.363 18964.955 24024.072 20144.285
19510.875 19893.201 24729.771 20447.924
20027.908 20202.578 25263.004 20701.891
20517.115 20910.391 25984.621 20886.947
20980.330 21358.373 26295.777 21122.406
21782.182 22146.557 26582.402 21225.510
22113.078 22415.873 26949.705 21137.488
22137.625 22587.420 27072.955 21214.637
22345.924 22677.729 26301.518 21368.438
22467.158 22860.742 26163.191 21325.039
22361.193 23004.543 26067.135 21059.021
21972.713 22897.908 25994.566 21139.869
21967.443 22990.406 25843.559 21098.268
21902.307 22818.555 25729.174 21356.980
21988.404 22516.797 25515.402 21342.775
21567.600 21847.674 25300.949 21272.264
21437.844 21395.941 25216.047 21141.678
21372.730 20779.207 25111.023 21034.045
21321.984 20485.887 24828.430 21111.010
21693.834 19914.047 24721.146 21017.502
21794.926 19673.004 24465.295 21110.688
21827.211 19240.848 24282.422 21122.811
21853.059 19134.910 24246.744 21273.838
21984.139 19244.627 24187.621 21544.350
22089.225 19232.232 23894.164 21716.207
22168.600 19333.457 23662.822 22128.189
22089.145 19373.219 23660.582 22428.115
22221.930 19476.895 23626.832 22771.002
22465.311 19439.490 23332.016 23129.121
22778.395 19768.979 23079.121 23560.930
23436.660 20127.217 22986.564 24210.447
23806.828 20850.395 22691.186 24638.732
24037.436 21222.264 22392.307 25026.438
24351.535 21651.674 21868.373 25499.508
24799.572 22224.588 21909.914 25797.170
25141.246 22697.752 21553.803 26089.373
25284.271 22943.088 21388.105 26321.918
25771.074 23077.098 21466.047 26478.549
25814.955 23256.844 21307.592 26511.305
25966.820 23167.271 20944.389 26357.746
25946.814 23212.699 20704.660 26306.264
25752.713 23242.756 20441.910 25975.020
25582.514 23181.529 20067.922 25708.008
25571.160 22964.814 19740.324 25570.354
25222.691 22468.965 19227.324 25024.770
24809.760 22458.172 18851.111 24598.969
24394.510 22264.602 18379.312 24274.918
23784.691 22044.584 17844.857 23864.922
