11135.250 7624.106 8508.918 11042.906
11295.475 7775.944 8554.772 11133.961
11411.950 7671.262 8539.839 11180.666
11353.918 7608.371 8377.136 10942.677
11310.826 7469.578 8373.294 10843.898
10887.756 7346.979 8226.726 10761.630
10797.445 7225.903 8056.328 10621.723
10651.080 7100.922 7770.783 10538.815
10522.472 7183.545 7741.889 10318.368
10370.446 6964.239 7616.559 10123.316
10319.085 6925.098 7368.917 9697.216
10200.160 6729.040 7275.832 9585.201
9964.516 6703.250 7177.316 9237.710
9809.330 6514.849 7113.550 8979.490
9661.016 6425.241 6958.613 8755.332
9322.682 6158.006 6851.967 8488.757
9196.285 6165.444 6737.039 8229.149
8944.815 6279.325 6671.931 7979.261
8805.659 6344.689 6544.677 7716.262
8629.604 6295.236 6455.347 7557.078
8488.595 6353.682 6443.337 7396.790
8355.950 6182.526 6442.283 7209.615
8291.105 6137.903 6427.530 7131.879
8225.865 5950.307 6463.367 7075.562
8200.688 5852.263 6491.306 7027.073
8223.276 5842.040 6410.553 7006.789
8205.105 5874.693 6383.688 7035.590
8211.021 5900.391 6383.481 7077.622
8232.992 5868.714 6441.944 7167.744
8305.131 5862.570 6413.501 7303.219
8407.248 5944.985 6407.232 7339.665
8553.021 6043.769 6519.644 7495.475
8693.308 6060.783 6519.679 7598.428
8734.849 6141.313 6553.644 7746.432
8902.472 6232.433 6689.912 7833.707
9006.731 6352.715 6714.954 7910.672
9104.049 6492.514 6815.043 8106.404
9188.692 6524.124 6754.311 8135.820
9233.618 6632.243 6782.584 8239.604
9405.378 6702.453 6789.569 8304.646
9500.012 6721.552 6863.541 8332.782
9428.660 6737.460 6906.125 8288.672
9473.023 6662.731 6998.595 8376.127
9398.148 6713.035 7005.250 8341.585
9412.533 6783.128 7073.599 8342.491
9419.938 6738.194 7129.559 8415.743
9475.181 6719.344 7236.310 8416.563
9589.708 6717.446 7352.440 8323.469
9634.611 6764.335 7453.869 8353.005
9696.104 6825.426 7594.774 8376.806
9659.543 6829.789 7772.593 8432.673
9713.300 6815.500 8009.864 8480.062
9807.832 6822.893 8127.341 8544.302
9804.175 6894.766 8212.749 8742.779
9920.925 6947.154 8375.204 8914.511
10098.831 6952.664 8468.373 9041.031
10209.998 7072.542 8515.523 9243.008
10374.907 7180.075 8533.965 9360.120
10504.990 7241.480 8523.062 9478.485
10510.962 7311.249 8481.417 9541.815
10701.793 7438.992 8534.237 9591.940
10662.924 7489.104 8477.428 9637.207
10408.721 7512.964 8461.698 9619.531
10541.803 7576.092 8506.242 9651.976
10491.624 7583.201 8517.293 9612.317
10373.080 7696.403 8526.500 9529.179
10347.866 7799.444 8404.623 9439.370
10326.258 7926.907 8319.882 9424.500
10207.046 7941.867 8287.712 9387.136
10039.352 7998.564 8191.313 9247.265
9926.023 7924.699 8202.586 9157.618
9702.994 7882.495 8130.327 9079.829
9653.890 7743.856 8149.055 8966.121
9450.756 7641.771 8067.436 8967.637
9269.303 7676.413 8222.201 8810.186
9259.218 7679.651 8466.070 8747.196
9150.620 7647.482 8579.013 8689.247
9209.597 7637.443 8766.619 8571.951
9071.160 7580.422 8787.306 8692.361
9242.638 7501.632 9069.693 8739.781
9426.205 7516.687 9272.461 8861.144
9608.148 7514.861 9455.774 9050.018
9976.197 7574.627 9703.302 9238.215
10093.435 7632.236 9925.626 9423.810
10350.809 7632.244 10066.115 9623.771
10521.084 7698.387 10175.001 9686.010
10570.066 7720.412 10142.985 9947.947
10515.856 7937.921 10248.254 10060.220
10623.335 7962.811 10164.620 10125.621
10604.689 8020.476 10052.286 10110.095
10663.129 8110.012 9964.551 10151.399
10722.441 8192.642 9877.188 10223.706
10683.198 8245.959 9655.772 10200.916
10639.758 8296.988 9414.956 10041.132
10501.409 8235.561 9324.104 9985.562
10447.766 8506.980 9262.266 9813.160
10391.333 8460.407 9196.696 9558.548
10335.507 8462.445 9062.605 9392.070
10033.554 8424.551 8978.583 9206.711
9954.805 8335.234 9068.729 9001.227
9773.539 8213.461 9066.575 8911.621
9798.582 7986.908 9150.890 8732.231
9745.738 7905.686 9288.839 8625.058
9703.852 7861.144 9425.281 8425.010
9896.494 7724.377 9738.615 8395.924
10069.624 7617.115 10006.303 8369.716
10292.132 7600.312 10209.863 8324.399
10514.647 7562.962 10415.855 8445.761
10588.553 7523.791 10433.527 8651.787
10897.127 7471.401 10738.347 8880.104
11262.613 7578.562 10999.113 9301.931
11513.466 7768.353 11105.930 9605.788
11658.555 8090.900 11246.580 9974.558
11879.018 8278.393 11507.402 10266.779
12173.000 8624.029 11516.186 10580.728
12258.831 8734.729 11437.089 10915.216
12195.814 9100.710 11413.875 11119.702
12251.474 9465.223 11253.274 11224.984
12193.744 9490.956 10920.171 11434.081
12097.937 9607.511 10699.648 11599.526
12002.003 9812.505 10455.257 11603.484
11860.810 10019.171 10310.759 11531.889
11551.991 10227.815 10180.737 11527.895
11271.280 10148.957 10027.829 11319.226
11003.412 10327.610 9846.760 11110.696
10717.562 10293.356 9693.269 10889.227
10499.126 10206.075 9466.918 10734.783
10148.139 10231.548 9246.694 10516.629
9966.950 10124.750 9242.526 10345.154
9892.438 10104.850 9147.566 10184.042
9758.795 9911.407 9095.551 9936.959
9735.650 9848.272 9252.982 9868.115
9639.906 9804.132 9482.359 9694.138
9541.222 9783.307 9707.853 9575.908
9638.710 9663.781 9934.056 9435.929
9753.649 9625.258 10255.524 9388.858
9928.459 9517.238 10559.659 9430.646
10033.526 9360.666 10845.195 9445.463
10136.455 9516.760 11091.892 9542.034
10358.390 9621.049 11310.820 9588.108
10584.758 9674.435 11706.659 9889.246
10774.072 9776.159 12010.747 10141.803
10961.414 10021.450 12111.699 10469.658
11121.281 10229.139 12348.347 10691.905
11271.064 10451.860 12271.819 10897.895
11408.355 10711.890 12116.832 11252.819
11400.860 10837.803 12013.160 11395.744
11425.534 11091.534 11907.133 11659.874
11361.575 11298.371 11884.583 11746.675
11216.672 11485.875 11720.424 11771.764
11121.682 11581.940 11447.792 11827.567
11035.243 11648.277 11243.989 11705.878
11006.187 11787.153 11177.803 11559.656
10986.418 11874.771 11002.019 11521.662
10854.496 11936.810 10873.163 11426.377
10777.960 12038.179 10651.432 11288.622
10622.918 12153.176 10449.145 11189.802
10507.404 12115.668 10219.498 10965.175
10372.416 12002.606 10227.483 10746.468
10262.299 11842.143 10248.461 10575.948
10134.663 11708.737 10305.897 10599.851
10092.131 11369.322 10351.038 10425.631
10168.540 10983.096 10479.390 10280.021
10247.150 10751.145 10732.255 10289.469
10310.811 10565.765 10833.882 10057.273
10436.336 10520.499 11041.911 10084.508
10490.938 10343.167 11276.104 10079.669
10720.613 10213.248 11515.869 10056.163
10871.554 10252.797 11903.989 10121.651
11078.289 10337.354 11908.593 10401.578
11317.348 10466.086 12062.088 10850.271
11531.735 10613.023 12081.198 11076.510
11582.471 10693.501 12089.284 11223.966
11747.097 10843.194 12368.107 11574.409
11869.181 10988.865 12386.996 11831.218
11913.985 11267.664 12388.865 12241.610
11952.135 11611.710 12449.197 12621.852
12009.821 11671.858 12361.216 12942.931
11848.415 11876.144 12174.843 13011.274
11974.300 12011.329 12276.953 13312.253
11855.432 12139.653 12121.398 13589.009
11801.384 12292.443 11793.080 13724.344
11653.679 12343.094 11551.856 13760.994
11540.234 12310.740 11230.236 13738.722
11429.578 12242.862 11034.300 13704.862
11218.997 12274.590 10798.862 13553.360
11066.288 12374.085 10593.345 13486.450
10927.471 12074.688 10494.522 13264.974
10810.807 11941.995 10304.510 13129.895
10602.730 11860.269 10119.141 12794.106
10439.825 11816.885 9942.836 12629.764
10330.939 11752.988 9935.190 12355.069
10315.578 11744.460 9992.173 12264.190
10305.084 11581.249 10047.475 12213.451
10362.126 11520.073 10186.054 12172.177
10403.665 11391.266 10377.355 12069.181
10318.506 11226.335 10692.803 11879.254
10561.672 11462.507 11210.269 11822.345
10643.650 11497.060 11687.307 11704.521
10704.160 11624.496 11958.775 11581.508
