17886.076 23876.395 20798.717
17874.654 23800.148 20902.670
17866.312 23628.957 20568.992
17435.682 22798.086 20269.119
17246.074 21625.883 19792.828
16693.844 20842.311 18996.314
16035.342 20236.914 18631.088
15427.844 19325.957 18145.961
15141.235 18540.971 17821.912
15075.888 18130.758 17343.037
14846.096 17811.184 16781.578
14504.688 17204.996 16206.063
14117.271 16362.575 16109.559
14109.891 16029.413 15849.260
14237.890 15822.438 15750.765
13986.921 15304.613 15318.502
13732.437 15138.673 15112.487
13895.548 14919.038 14931.191
13676.579 14358.439 14856.712
13739.572 14319.757 14710.310
13689.138 14165.287 14617.567
13692.146 14146.994 14631.283
13854.699 14159.700 14805.311
13923.773 14217.461 14805.245
14004.824 14292.288 14830.082
14094.240 14493.203 14904.560
14041.365 14541.399 15173.539
14209.159 14612.700 15289.406
14464.688 14830.697 15428.471
14745.617 15150.241 15725.148
14865.845 15363.416 16172.242
15204.391 15412.594 16431.869
15308.263 15696.289 16475.766
15627.266 16125.197 16872.281
15818.577 16429.383 17111.395
16212.541 16569.268 17438.984
16297.450 16729.824 17655.277
16669.369 16757.594 18024.945
16926.270 16828.170 18102.996
17103.191 17146.906 18184.350
17413.693 17227.656 18627.746
17598.750 17409.398 18876.076
17730.527 17689.852 19190.430
17960.508 17844.914 19293.727
18134.545 18064.971 19611.162
18450.217 18483.586 19856.449
18459.494 18426.758 20016.861
18572.412 18747.939 19934.404
18819.256 18825.857 20104.564
18909.422 19035.449 20341.787
18792.154 19095.131 20417.074
18856.486 19285.898 20552.867
18941.525 19454.568 20638.730
18973.316 19451.801 20567.922
18918.080 19620.473 20687.088
18978.836 19766.578 20682.520
19049.998 19812.133 20943.656
19340.877 19689.385 21041.834
19695.197 19767.727 21528.084
19588.619 19662.559 21898.195
19516.861 19619.260 21922.789
19715.371 19578.182 22009.307
19741.500 19423.594 22185.354
19879.945 19598.562 22240.795
20124.098 19613.525 22278.422
20036.734 19431.844 22049.863
19801.666 19490.988 22269.037
19591.904 19419.910 22249.504
19272.246 19240.449 22312.289
19057.461 19132.070 22267.172
18800.633 18949.318 22328.176
18731.652 19006.111 22094.662
18501.943 19071.477 21943.369
18343.365 19304.125 21985.467
18108.375 19275.314 21670.850
17935.451 19463.855 21626.902
17967.523 19762.633 21499.775
17572.729 19832.230 21520.402
17671.131 20160.682 21459.719
17712.395 20428.096 21345.537
17797.064 20586.867 21648.139
17818.062 20527.729 21613.775
17947.230 20730.424 21696.654
17883.684 20898.230 21667.021
17982.650 20868.883 21817.146
18179.379 21241.582 22114.814
18496.959 21291.137 22220.201
18491.096 21354.250 22573.760
18768.209 21349.520 22687.275
18704.180 21188.227 22644.268
18597.898 21044.225 22692.334
18509.275 20680.816 22848.910
18457.293 21078.449 22742.732
18383.051 21180.904 22544.998
18255.758 21194.494 22561.748
18293.229 21033.740 22434.916
18075.662 20980.301 22327.332
18123.629 20904.498 22029.242
18270.932 20822.658 21675.098
17984.395 20816.869 21825.057
17775.549 20850.543 21763.027
17885.146 21161.578 21598.168
17768.699 21666.533 21851.455
17912.348 21872.232 21975.064
17765.098 22113.424 22259.695
17996.150 22823.465 22379.166
18225.896 23092.467 22817.379
18223.799 23587.711 23209.459
18404.223 24126.434 23613.697
18650.729 24392.697 24109.588
19016.992 24534.641 24304.918
19192.121 24635.395 24923.400
19521.291 24709.848 25290.580
19642.375 25047.615 25604.232
19810.992 25172.771 26027.418
19859.939 25072.395 26358.656
19939.109 25172.623 25671.230
19982.658 25015.430 25612.211
20213.908 24944.271 25353.631
20224.740 24591.834 25112.543
20060.041 24451.088 24975.674
20026.787 24341.219 24642.447
19909.178 24171.242 24454.793
19618.102 24119.250 24043.350
19247.477 24144.682 23962.207
19061.465 24256.518 23533.684
18790.701 24575.789 23373.822
18567.965 24603.998 23242.760
18662.188 24742.561 23116.115
18500.164 25014.271 23295.262
18449.393 25374.611 23290.441
18484.984 25514.061 23671.232
18823.850 26156.807 23795.777
18969.004 26416.111 24039.930
19363.619 27043.002 24160.480
19821.852 27548.814 24806.484
20011.818 27823.572 25170.033
20425.855 28455.723 25514.168
20924.342 29017.285 25821.699
21128.551 29210.496 26424.420
21572.607 29334.375 26530.576
21921.137 29546.605 26648.021
22143.715 29649.500 26932.650
22475.305 29395.883 27367.965
22603.568 29244.525 27566.756
22796.873 29334.623 27985.615
23067.840 29137.811 28329.721
23224.287 29089.066 28183.863
23302.910 28803.777 28258.547
23436.465 29064.795 28293.895
23377.342 29220.254 28249.867
23321.568 29124.990 27995.918
23399.100 28983.848 28217.879
23362.758 28635.801 28009.279
23596.869 29000.197 28237.801
23563.994 28845.166 28032.945
23638.373 29222.205 28023.895
23586.863 29826.809 27785.562
23562.127 30234.799 27828.340
23707.896 30625.049 28048.504
23814.348 31050.127 28421.303
23935.496 31315.205 28353.086
24240.070 31889.102 28784.369
24373.844 32320.660 29074.756
24733.852 32691.369 29328.207
25075.492 33078.852 29962.012
25226.209 33075.281 30681.312
25473.945 33112.707 31178.559
25552.496 33271.355 31582.943
25629.230 33083.496 32106.074
25867.211 33309.496 32384.035
26103.908 33193.980 32481.285
26363.672 33180.066 32416.947
26307.352 33037.871 32726.695
26644.330 33242.684 33088.898
26438.188 32648.047 33034.828
26551.182 32451.389 33284.496
26290.363 32197.775 33396.582
26277.324 31760.824 33418.715
26406.348 31591.193 33313.770
26305.672 31305.662 33122.504
26187.428 31280.232 33135.949
26025.961 31604.928 32911.371
26253.559 31737.727 32980.305
25817.529 31418.449 32776.219
25711.238 31424.045 32848.051
25552.449 31531.412 32708.967
25461.592 31856.631 32824.652
25411.365 32148.369 33071.109
25305.508 32445.391 33156.812
25476.693 32468.014 33358.512
25553.369 32726.857 33621.836
25759.164 32683.217 33484.395
25855.604 33067.262 33913.129
26112.297 33113.238 34133.785
26208.354 33375.137 34638.355
26066.217 32780.883 34524.891
25905.305 32883.703 34345.074
25804.631 32497.361 34284.723
25812.287 32475.166 34492.500
