18333.871 26285.469 21765.559 16699.053
18393.143 26076.418 21657.789 16595.559
17976.496 25777.430 21435.990 16032.935
17360.586 24903.713 21245.176 15321.021
16560.715 24135.615 20721.781 14688.324
15873.281 23184.479 20040.680 14080.391
15246.938 22234.971 19327.203 13584.778
14595.425 21213.760 18423.418 12739.758
14153.435 20174.893 17375.473 12162.240
13519.965 18866.330 16605.311 11647.406
12871.469 17848.635 15577.930 11137.326
12235.690 16967.713 14809.960 10485.677
11675.298 16088.909 13893.995 10018.014
11203.792 15293.349 13119.265 9593.212
10701.553 14362.340 12416.698 9207.362
10407.855 13682.783 11755.146 8783.493
10002.448 13166.264 11278.502 8526.445
9696.727 12819.596 10846.897 8265.724
9506.110 12294.575 10459.535 8025.656
9272.667 12023.062 10094.897 7811.750
9195.104 11782.229 9945.891 7666.965
9046.550 11703.626 9702.872 7626.869
8835.756 11509.282 9568.798 7526.320
8746.035 11602.043 9529.266 7462.839
8794.008 11520.882 9477.044 7368.006
8748.120 11575.475 9455.035 7358.284
8812.498 11756.465 9529.100 7415.012
8877.929 11844.838 9536.037 7526.181
8895.117 12072.292 9649.546 7461.012
8971.396 12184.984 9673.225 7506.699
8957.372 12436.644 9690.898 7546.197
9073.079 12558.087 9800.014 7585.811
9236.814 12704.926 9914.354 7548.108
9154.644 12820.194 10049.277 7624.987
9243.191 12882.463 10186.458 7562.914
9350.867 12867.526 10268.232 7578.330
9313.255 12874.661 10344.629 7617.769
9374.444 12784.301 10416.942 7669.463
9427.557 12817.039 10468.421 7610.774
9420.831 12762.961 10516.780 7649.239
9508.403 12766.892 10531.793 7659.231
9610.314 12767.240 10599.125 7683.032
9651.358 12747.587 10625.738 7706.707
9777.045 12721.839 10642.087 7661.506
9832.721 12878.118 10794.845 7770.630
9989.168 13065.794 10935.999 7858.326
10264.464 13328.150 11231.375 7926.980
10520.513 13635.375 11477.268 8027.747
11004.012 14229.657 11834.293 8190.823
11459.321 14792.538 12272.024 8316.215
12106.075 15684.800 12862.423 8637.899
12661.143 16571.865 13508.723 8889.543
13390.516 17759.275 14306.301 9156.697
14173.850 19056.818 15246.575 9459.929
15151.970 20695.430 16395.180 9984.897
16054.322 22091.314 17296.527 10448.738
16966.424 23528.314 18490.348 10904.324
17862.078 25077.355 19593.176 11381.119
18597.805 26422.160 20616.248 11703.990
19293.959 27619.730 21674.707 12150.696
19885.152 28360.508 22703.764 12600.100
20398.693 29233.645 23489.465 13022.753
20749.139 29890.721 24195.221 13306.551
20991.523 30142.893 24730.508 13571.379
21238.531 30403.145 25069.172 13743.475
21377.176 30552.891 25265.789 13921.058
21709.957 30644.912 25491.664 14001.002
21594.029 30609.914 25470.059 13977.948
21611.059 30404.588 25539.820 14053.373
21550.229 29928.441 25337.799 13954.205
21463.752 29716.369 25122.814 13882.919
21323.395 29393.869 24956.447 13709.356
21172.328 28999.289 24728.432 13612.241
21140.984 28763.322 24585.521 13554.119
21067.514 28329.410 24304.217 13448.701
20987.156 27944.271 24100.523 13292.177
21126.105 27833.545 23778.586 13149.957
21266.125 27887.818 23877.031 13093.221
21576.312 27966.812 23964.148 13000.429
22001.346 28219.609 24260.062 13030.755
22778.986 28732.887 24370.037 13240.166
23434.723 29477.393 24868.482 13369.920
24304.170 30488.260 25502.939 13544.726
25336.221 31542.928 26374.213 13858.639
26501.545 32964.531 27532.348 14172.852
27456.736 34456.281 28839.822 14561.461
28499.018 35723.660 30163.783 15045.040
29205.514 37529.613 31319.740 15329.181
30082.467 38696.219 32160.494 15684.929
30719.199 39943.168 33216.855 16209.450
31236.855 40784.574 34250.773 16554.439
31757.076 41684.828 35146.668 16984.908
32106.160 42038.574 35873.281 17202.660
32258.385 42440.508 36345.098 17526.199
32628.324 42764.258 36711.676 17950.691
32953.461 43039.387 37145.754 18284.371
32841.020 42944.332 37511.871 18474.676
32910.270 43049.082 37817.742 18633.221
33038.031 42760.465 37973.633 18852.336
32819.613 42195.465 37733.043 18657.045
32487.408 41914.176 37424.250 18515.307
32203.771 41605.926 36970.750 18560.436
31990.213 41126.168 36374.527 18540.295
31632.465 40869.281 35699.090 18286.639
31426.416 40678.254 35088.316 18081.543
31366.086 40404.184 34689.801 17942.451
30960.455 39905.195 34411.875 17796.445
30778.404 39529.320 33809.508 17614.547
30816.998 39245.859 33375.305 17437.309
30992.836 39197.129 33659.680 17206.209
31213.170 39444.801 33698.551 17284.125
31584.883 39591.363 33611.309 17145.930
32010.027 39512.992 33770.824 17138.365
32716.688 40054.961 34285.668 17273.959
33469.363 41043.699 34561.227 17414.924
34447.109 42051.371 34918.020 17654.346
35351.824 43377.902 35439.387 18039.070
36358.254 44666.438 36275.797 18462.242
37213.246 45680.730 37153.578 18847.209
37910.520 46484.738 38215.520 19346.930
38740.801 48058.859 39156.723 19775.094
39531.309 48744.637 39755.125 20378.807
40081.074 49356.457 40375.418 20887.266
40592.297 49857.773 40792.281 21400.908
41115.148 50609.738 41482.191 22147.000
41401.871 50890.355 41974.938 22676.836
41424.188 51347.566 42694.262 22966.695
41609.770 51679.293 42778.965 23560.584
41809.531 51768.438 43003.668 24114.203
41908.340 51795.613 43254.488 24649.459
42083.934 51620.316 43152.781 24819.893
41813.633 50670.777 42569.398 25108.697
41820.605 50333.855 41422.648 25541.588
41367.039 49938.730 41442.641 25448.092
41018.336 49599.703 41589.777 25436.387
40773.562 49211.738 41281.566 25420.902
40433.539 48775.320 40724.176 25411.055
40419.844 48221.578 40564.828 25253.098
40291.875 47728.281 40146.305 25217.549
40105.176 47495.414 39573.754 25188.074
40260.625 47124.719 39510.023 25406.344
40440.953 47260.910 39225.691 25400.465
40538.762 46780.004 39310.469 25392.682
40727.238 46789.664 39189.848 25361.213
40974.441 46950.133 39303.305 25415.641
41349.730 47230.172 39567.180 25409.621
41946.988 47375.383 39614.867 25611.623
42159.434 47566.477 39403.348 25598.869
42805.309 48163.488 39679.137 25681.797
43350.035 48664.582 39716.488 25626.045
43942.137 49056.035 39269.719 25770.660
44381.684 49383.766 39274.230 25825.742
44673.309 49824.496 39281.785 26047.564
44701.742 50325.703 39125.680 26116.590
45080.746 50743.043 39009.590 26155.605
45316.047 51315.480 39168.199 26335.318
45501.734 51506.520 38880.961 26448.037
45549.246 51512.152 38674.234 26290.016
45597.301 51496.578 38535.902 26345.506
45460.484 51156.168 38485.703 26581.166
45304.273 50888.293 38012.762 26653.598
45383.043 50500.395 38170.852 26622.375
45174.125 49937.336 38009.148 26528.766
44748.836 49349.961 37554.355 26408.709
44235.371 49134.262 37003.516 26469.812
43610.488 48485.902 36173.934 26396.156
43379.629 47919.480 35759.625 26238.947
42921.562 47386.242 35100.684 26383.053
42303.352 46681.328 35024.195 26105.115
41925.227 45989.094 34226.695 26074.770
41313.246 45471.102 33794.184 25959.070
40939.465 44580.418 33521.043 25670.070
