6004.759 6309.051 5842.909 5623.103
5950.971 6248.542 5862.477 5650.943
5902.962 6167.344 5855.891 5659.238
5962.167 6354.844 5932.419 5477.462
5952.366 6356.890 5923.832 5458.066
6119.816 6236.052 5859.423 5477.532
6109.773 6201.625 5931.597 5457.229
6017.910 6040.098 5878.233 5286.824
5939.417 6044.265 5898.248 5179.628
5888.992 5952.142 5873.253 5089.315
5873.610 5841.735 5868.165 4888.394
5707.133 5637.564 5749.281 4810.375
5532.030 5580.046 5662.427 4732.200
5461.859 5506.962 5416.348 4649.110
5403.350 5395.712 5298.980 4554.642
5276.846 5358.106 5064.081 4528.652
5181.992 5307.738 5048.755 4531.331
5118.486 5224.057 4817.621 4566.033
5009.553 5267.465 4576.520 4398.475
5059.735 5238.785 4506.378 4355.194
5034.964 5300.969 4531.361 4329.170
5191.748 5310.864 4497.025 4278.990
5111.305 5435.447 4519.580 4277.482
5166.327 5512.884 4568.153 4322.565
5178.667 5638.581 4608.244 4377.758
5284.542 5781.048 4593.103 4399.429
5436.859 5827.692 4611.945 4461.098
5492.856 6007.333 4671.274 4449.668
5609.101 6181.218 4759.187 4569.477
5707.646 6330.035 4839.812 4676.058
5854.302 6540.188 4929.656 4823.860
5959.797 6746.684 5011.870 4863.617
6132.839 6929.758 5139.004 4922.693
6266.710 7180.834 5268.784 5126.346
6354.065 7407.320 5327.139 5256.242
6561.965 7636.465 5429.236 5491.088
6700.609 7821.335 5521.776 5611.236
6866.567 8057.228 5639.301 5758.207
7049.235 8283.806 5731.996 5915.125
7216.255 8444.802 5904.589 6016.634
7279.284 8522.344 5996.203 6117.253
7293.741 8619.134 6187.685 6275.730
7339.168 8747.197 6341.224 6321.909
7345.336 8880.026 6496.022 6411.345
7371.891 8985.044 6533.856 6432.824
7443.775 9164.068 6673.520 6587.218
7467.855 9234.088 6620.227 6584.173
7533.058 9380.047 6681.578 6665.874
7613.611 9420.346 6876.487 6758.886
7631.327 9430.946 6945.244 6843.808
7738.116 9496.083 7087.056 6940.604
7775.434 9781.315 7163.397 7050.200
7986.966 10045.118 7221.940 7227.311
8133.339 10230.563 7331.433 7305.639
8328.896 10566.367 7413.151 7362.265
8453.550 10751.658 7647.792 7343.672
8718.504 11053.866 7840.095 7554.112
8886.154 11331.122 7951.639 7591.103
8948.943 11350.967 8139.250 7766.371
9091.217 11421.807 8303.996 7912.510
9213.989 11488.537 8422.301 8034.511
9247.377 11462.977 8561.068 8155.026
9235.514 11535.059 8593.483 8183.313
9287.910 11648.032 8688.919 8353.361
9378.272 11464.353 8679.297 8350.931
9376.195 11392.865 8766.344 8287.831
9362.695 11203.796 8718.738 8137.202
9260.459 11114.227 8605.099 8155.308
9029.936 10958.573 8481.721 7980.910
8998.897 10986.133 8338.259 7889.049
8857.495 10723.851 8223.143 7712.877
8649.480 10589.832 8107.744 7569.386
8611.899 10457.159 8071.224 7433.379
8576.363 10516.666 7878.898 7495.852
8395.038 10337.893 7819.814 7385.386
8320.166 10231.419 7652.501 7259.653
8255.258 10157.798 7506.912 7233.755
8175.411 10102.877 7345.354 7402.628
8153.020 10028.938 7169.320 7133.034
8291.345 10053.376 7251.980 7173.182
8282.880 10185.063 7233.211 7352.340
8283.661 10274.138 7228.864 7357.670
8268.739 10433.095 7182.707 7328.188
8408.875 10502.265 7262.095 7508.863
8524.454 10584.004 7484.362 7804.702
8591.929 10607.250 7478.599 7938.384
8704.672 10505.570 7556.320 8016.077
8754.527 10605.817 7649.430 8209.078
8642.448 10576.783 7733.523 8268.786
8607.198 10611.825 7727.966 8136.041
8632.437 10654.850 7685.592 8226.910
8484.394 10636.251 7650.829 8130.044
8348.720 10491.723 7639.045 8096.075
8361.288 10321.799 7552.387 8013.043
8202.913 10143.097 7389.120 7930.609
7934.941 9921.170 7298.073 7806.998
7838.593 9729.785 7167.354 7682.100
7703.805 9603.814 7123.576 7646.349
7466.665 9446.675 7039.154 7488.198
7263.501 9484.559 6893.577 7390.142
7062.904 9318.199 6759.878 7248.497
6893.927 9233.458 6636.831 7240.619
6817.408 9107.908 6566.232 7151.911
6844.009 8991.235 6519.109 7165.908
6792.276 8828.215 6448.610 7197.449
6757.574 8802.053 6388.798 7262.276
6604.035 8823.313 6452.734 7319.637
6561.314 8896.763 6445.218 7347.489
6573.239 8962.000 6511.290 7455.127
6533.848 9167.803 6562.548 7709.995
6495.504 9284.910 6658.393 7955.462
6590.578 9416.793 6883.169 8102.602
6615.332 9587.405 7031.567 8225.446
6714.521 9894.814 7193.941 8353.010
6834.073 10080.677 7274.181 8400.624
6945.515 10383.352 7375.258 8437.295
7095.338 10723.077 7438.164 8420.581
7120.925 11010.759 7504.957 8300.974
7196.451 11255.291 7508.636 8265.610
7204.483 11338.657 7436.974 8244.837
7260.156 11344.121 7403.445 8119.271
7233.625 11392.113 7382.350 8199.835
7263.247 11594.055 7403.476 8293.509
7120.032 11534.836 7354.759 8229.754
7153.800 11484.230 7302.296 8126.846
6941.473 11437.434 7223.465 7903.651
6765.876 11314.764 7145.295 7702.773
6562.992 11218.847 7161.155 7616.493
6422.545 11071.771 7029.335 7570.902
6365.622 10814.193 7026.659 7557.627
6375.278 10683.742 6909.217 7570.001
6345.125 10588.523 6909.063 7642.841
6282.910 10469.762 6889.785 7668.997
6211.301 10314.436 6878.883 7701.368
6192.617 10172.085 6887.843 7822.652
6203.534 9981.117 6881.358 7826.093
6136.708 9831.334 6908.768 7895.044
6252.262 9982.218 6999.272 8007.324
6293.733 10085.516 7030.867 8127.942
6336.063 10120.518 7076.102 8233.747
6237.268 10347.309 7138.130 8326.979
6333.538 10539.422 7238.803 8396.675
6402.328 10708.584 7316.517 8562.424
6535.205 10982.255 7392.439 8717.653
6397.195 11104.472 7570.411 8766.049
6397.134 11284.146 7642.568 8814.490
6250.649 11464.411 7635.575 8801.826
6265.495 11604.901 7620.192 8874.287
6232.645 11836.498 7645.711 8826.051
6118.227 11966.231 7670.902 8836.954
6217.902 12119.681 7621.244 8880.600
6205.196 12312.707 7632.896 8778.464
6097.177 12465.883 7689.404 8787.388
6141.812 12549.422 7682.378 8776.261
6119.824 12493.859 7572.771 8761.211
6052.494 12567.426 7665.774 8633.968
5972.327 12302.341 7550.790 8553.729
5985.324 12348.392 7479.170 8442.201
5819.113 12298.673 7417.106 8348.646
5817.480 12345.851 7243.419 8357.448
5695.892 12314.784 7092.938 8327.989
5694.572 12487.552 6963.673 8190.762
5663.652 12371.063 6896.582 8000.053
5679.838 12310.035 6756.698 7986.858
5723.074 12381.242 6603.832 7877.439
5758.814 12363.566 6530.057 7953.108
5784.022 12366.584 6400.705 8106.821
5771.982 12387.023 6250.548 8166.131
5675.445 12489.636 6208.512 8233.614
5670.957 12568.233 6112.897 8491.637
5682.268 12353.634 6102.657 8599.692
5837.905 12435.328 6069.554 8910.617
5823.518 12380.773 6032.496 9237.405
5871.133 12374.219 6037.291 9485.211
5998.315 12390.638 6064.681 9716.319
6082.627 12424.060 6221.143 10124.299
6108.600 12494.682 6313.207 10573.822
6236.550 12317.872 6322.692 10864.369
6270.243 12305.791 6410.404 11091.572
6258.929 12188.843 6421.659 11281.243
6370.379 12308.271 6500.615 11306.857
6356.531 12350.863 6512.125 11363.230
6313.139 12390.563 6492.218 11342.609
6179.789 12346.016 6573.230 11274.261
6264.631 12407.157 6538.627 11250.741
6343.930 12107.003 6584.717 11299.549
6365.359 11750.011 6723.626 11086.679
6411.384 11485.119 6825.539 11050.061
6472.466 11270.775 6900.340 11093.745
6538.166 11029.817 6831.825 11042.489
6468.757 10827.271 6916.782 10903.315
6457.540 10653.686 6810.815 10615.201
6299.017 10443.377 6704.626 10421.868
6311.313 10265.269 6690.260 10464.004
6264.195 10136.003 6576.024 10184.471
6375.664 10031.741 6484.210 10128.756
6411.771 9888.049 6381.597 10019.325
6475.593 9603.754 6302.551 10138.905
6600.930 9469.637 6163.510 10228.383
6699.633 9448.015 6132.027 10198.660
6639.552 9217.720 5971.989 10074.196
6697.012 9109.302 6041.903 9953.221
6690.256 9034.047 5883.811 9983.263
6749.298 8973.996 5776.632 9808.219
6831.968 8935.863 5677.609 9691.603
6716.832 8794.701 5628.251 9655.441
6630.604 8630.785 5509.698 9707.861
6531.353 8568.514 5463.782 9718.230
6398.204 8402.003 5313.175 9746.858
6260.213 8289.345 5214.814 9659.581
