11282.792 17597.102 13812.978 15777.214 13795.841
11338.901 17353.672 13956.951 15773.002 13996.989
11483.896 17399.092 14015.909 15811.824 14206.908
11650.969 17489.383 14035.283 15860.887 14340.584
11756.279 17448.707 14097.503 15823.350 14306.562
11671.457 17382.066 13930.894 15665.709 14144.732
11704.428 17048.588 13881.104 15178.608 13961.691
11600.853 16780.414 13707.041 14855.520 13885.271
11454.160 16591.213 13538.823 14525.773 13469.355
11316.076 16249.030 13284.956 14083.261 13098.555
11229.687 15844.152 12980.488 13722.180 13004.252
11099.851 15477.357 12612.638 13180.495 12567.911
10856.235 15364.380 12418.982 12854.629 12273.493
10781.393 15061.974 12161.812 12538.621 12054.550
10623.902 14808.189 12028.615 12103.969 11806.964
10633.130 14531.459 11798.675 11793.356 11612.335
10510.623 14283.455 11559.998 11445.594 11521.261
10545.995 14171.075 11470.572 11312.544 11470.776
10546.968 14029.196 11376.396 11087.608 11488.353
10451.082 13919.540 11255.692 10896.374 11413.712
10441.015 13909.634 11276.239 10816.813 11212.450
10484.454 13829.380 11204.812 10896.887 11224.787
10435.684 13781.457 11204.982 10917.104 11184.186
10428.812 13799.570 11182.795 11030.077 11211.316
10419.110 13773.826 11301.688 11154.236 11335.524
10353.388 13783.549 11333.574 11293.205 11338.793
10394.194 13870.964 11510.168 11534.572 11461.417
10374.369 13934.030 11610.785 11757.106 11574.827
10373.971 13960.104 11773.680 12025.378 11677.139
10459.693 13967.504 11810.168 12221.538 11710.363
10498.387 13869.597 11837.091 12263.932 11849.438
10607.048 13749.509 11848.300 12240.276 11911.706
10736.867 13723.762 11889.104 12387.924 11908.218
10831.593 13643.092 11904.967 12338.554 11989.308
10844.445 13636.396 11776.343 12292.585 11991.354
10869.249 13412.669 11638.173 12164.908 11880.906
10832.278 13360.939 11503.729 12007.244 11879.206
10855.461 13249.498 11484.916 12034.750 12071.383
10830.853 13017.461 11351.202 11796.792 11874.516
10777.454 12929.721 11300.233 11667.397 11889.119
10881.348 12849.683 11260.116 11685.545 11816.622
10851.540 12803.785 11226.092 11861.326 11520.174
10912.821 12813.957 11095.329 11800.134 11436.464
10823.653 12864.801 11042.755 11796.539 11504.311
10897.325 13034.833 11170.310 11980.814 11627.999
10880.452 13208.472 10925.880 11881.986 11507.604
11029.252 13588.819 11070.963 12085.862 11381.085
11155.519 13879.391 11167.545 12376.799 11392.925
11343.857 14267.027 11383.594 12681.263 11463.190
11554.424 14658.766 11498.119 13055.170 11675.078
11689.940 14963.091 11831.473 13377.719 11943.608
11926.142 15334.479 12010.358 13743.861 12080.343
12107.350 15699.804 12312.583 14199.885 12001.294
12255.238 15993.734 12854.639 15027.379 12225.383
12374.911 16086.228 13019.632 15348.783 12279.227
12551.934 16306.229 13249.884 15744.352 12361.902
12703.446 16298.731 13356.013 16176.274 12374.569
12735.427 16265.594 13317.521 16524.363 12184.903
12703.949 16251.292 13300.043 16835.336 12209.165
12815.123 16187.630 13418.721 17102.104 12064.804
12740.009 15970.053 13307.864 16975.994 11864.049
12544.366 15589.019 13162.804 16856.566 11537.376
12459.305 15392.830 12998.124 16882.850 11366.971
12197.448 15024.511 12831.302 16629.928 11045.631
12110.083 14772.101 12629.297 16515.750 10997.217
11991.544 14480.674 12476.396 16146.441 10655.050
11721.291 14207.465 12235.572 15929.931 10475.729
11696.177 14112.493 12068.354 15679.467 10322.699
11713.897 14031.937 12089.891 15426.528 10109.345
11653.273 14027.112 11921.940 15203.916 10173.815
11574.329 14128.586 11970.324 14995.092 10041.478
11691.717 14427.355 11929.147 14921.175 10025.856
11803.262 14922.316 12100.296 14960.052 10143.412
12083.711 15334.837 12206.624 15111.104 10234.370
12421.797 15950.295 12521.369 15285.269 10362.757
12767.975 16543.486 12715.292 15534.769 10477.934
12948.530 17075.201 12986.231 15880.624 10697.325
13241.498 17514.932 13282.661 16157.676 10785.387
13656.407 18051.414 13696.922 16697.146 10965.241
13953.331 18327.105 13719.736 17083.848 11356.975
14319.533 18760.494 14058.525 17672.879 11567.586
14509.071 18720.352 14289.479 18042.564 11708.919
14757.798 18799.439 14486.976 18417.930 11885.681
14871.135 18842.516 14642.234 18708.721 12033.030
14822.854 18659.115 14500.705 18904.074 12059.027
14847.608 18398.094 14459.878 19074.600 11957.300
14752.809 18123.203 14389.505 19066.945 12172.710
14571.573 17708.430 14140.430 18958.426 12264.080
14441.124 17297.047 13909.246 18708.469 12098.438
14255.147 16922.158 13611.940 18398.244 12008.313
14117.737 16566.713 13519.241 18201.990 11845.992
13901.131 16133.519 13202.662 17960.551 11815.740
13644.348 15752.136 13051.062 17647.307 11569.236
13423.597 15387.327 12731.123 17304.811 11427.517
13252.451 15030.729 12477.018 16820.715 11229.567
13165.626 14808.995 12204.622 16451.830 11098.986
13055.635 14811.797 12203.979 16141.114 10888.423
12857.147 14796.742 11999.065 15693.332 10768.772
12831.108 14827.734 11882.097 15304.446 10670.054
12913.245 15162.425 11823.975 15089.555 10724.954
13345.020 15612.777 11976.307 15199.474 10949.328
13694.582 16160.840 12174.180 15441.715 11265.965
13778.331 16570.723 12271.334 15505.723 11538.479
14330.828 17303.236 12589.462 16057.120 11967.267
14771.294 17779.982 12817.315 16614.338 12279.927
15337.196 18327.379 13165.918 17306.850 12753.035
15848.178 18860.016 13436.762 17994.734 13241.267
16297.563 19469.287 13878.824 18764.547 13859.318
16654.414 19830.607 14138.817 19534.160 14180.786
16999.572 19971.109 14343.632 20230.574 14522.726
17306.807 20111.455 14584.549 20869.318 14872.610
17569.996 20061.578 14893.382 21348.154 15006.418
17617.715 19888.508 14970.345 21597.010 15146.573
17621.023 19674.758 15106.108 21919.717 15262.941
17715.535 19396.619 14998.118 22092.029 15445.905
17638.918 19022.436 14911.431 22019.412 15510.736
17421.977 18559.920 14782.845 21923.254 15392.083
17410.484 18171.689 14609.974 21720.459 15186.278
17104.029 17785.627 14373.181 21292.006 14866.228
16795.062 17347.262 14126.719 20923.549 14607.678
16466.471 16880.691 13903.350 20442.896 14522.115
16297.691 16581.545 13646.328 19882.438 14366.304
16044.699 16390.826 13433.911 19430.518 14249.387
15857.299 16288.314 13253.641 18987.217 14122.729
15725.646 16176.785 13150.949 18449.674 13938.657
15775.721 16204.921 13158.075 18034.838 13783.764
15975.339 16492.822 13212.935 17657.863 13686.893
15924.166 16678.250 13314.546 17309.229 13619.825
16039.320 17075.738 13388.616 17106.395 13820.527
16451.076 17614.607 13656.805 17204.771 13892.890
17020.184 18302.988 14134.143 17426.955 14223.238
17519.064 18961.762 14584.636 17782.572 14573.004
18115.756 19576.258 14843.950 18261.561 15081.306
18515.643 20124.877 15319.285 18966.844 15574.386
19253.096 20683.133 15761.208 19736.240 16229.157
19834.098 21240.730 16103.593 20657.088 16987.824
20528.098 21612.326 16301.127 21561.668 17547.967
20891.486 21922.941 16646.738 22544.156 18243.479
21291.225 22143.258 16795.363 23229.605 18599.285
21649.580 22168.824 16869.797 24123.820 19005.748
22044.547 22122.838 16925.295 24747.324 19598.896
22299.490 21935.504 16949.604 25324.672 19924.166
22166.674 21706.373 16863.008 25599.449 20356.826
22118.611 21304.279 16733.947 25772.730 20489.969
21958.738 21266.186 16853.035 25804.178 20572.322
21850.750 20851.555 16672.742 25644.928 20587.441
21686.201 20552.371 16591.520 25345.242 20441.213
21392.336 20125.053 16373.126 24877.373 19935.883
20961.939 19657.555 16288.851 24236.850 19882.969
20599.812 19401.787 16223.729 23681.555 19768.896
20277.896 19047.785 16015.860 23029.145 19512.453
19959.602 18817.234 16036.671 22262.990 19310.357
19899.320 18777.334 16270.150 21588.336 19123.807
19824.686 18757.672 16307.308 21016.412 18856.943
19788.197 18839.783 16561.561 20528.877 18640.469
19852.365 19060.916 16750.412 19945.102 18478.176
19941.383 19268.133 16960.623 19446.879 18518.443
20229.971 19733.277 17370.625 19194.053 18584.699
20612.721 20315.002 17749.609 19109.244 18913.539
21123.656 20799.658 18131.967 19199.428 19160.955
21586.217 21387.541 18643.207 19268.482 19575.211
22156.602 22040.783 19147.781 19883.545 20010.998
22488.199 22658.648 19725.115 20534.207 20509.316
22860.412 23264.230 20114.338 21207.613 20990.076
23178.859 23786.395 20602.139 22352.770 21961.842
23622.660 24123.600 21054.127 23488.119 22756.826
23881.488 24475.051 21190.250 24621.891 23473.627
24194.637 24795.312 21499.986 25677.229 24215.486
24152.441 24887.723 21288.637 26575.332 24856.361
24245.311 25131.830 21303.479 27535.980 25693.670
24150.371 24999.654 21162.830 28312.645 26239.168
24062.350 24778.041 20986.574 28674.201 26869.477
24094.156 24699.135 20855.459 29165.984 27375.824
23653.848 24464.615 20594.949 29385.023 27683.932
23430.684 24135.836 20258.859 29386.691 27826.186
23199.965 23700.340 19924.016 28978.516 27770.064
22904.387 23654.754 19910.156 28614.145 28172.898
22864.965 23232.791 19547.336 28268.939 28000.812
22460.135 22931.209 19373.746 27578.051 27538.670
22237.172 22615.162 19296.436 27008.576 27157.547
21971.902 22321.529 19132.553 26099.209 26617.318
22015.646 22305.318 19275.514 25565.205 26314.045
21787.158 22336.662 19382.715 24925.883 26058.129
21859.258 22338.969 19664.334 24408.293 25740.570
22117.086 22374.389 20070.062 23974.779 25580.109
22226.109 22632.312 20379.275 23494.348 25506.738
22387.770 22847.674 20867.656 23074.775 25473.803
22657.365 23204.387 21469.291 22968.035 25491.377
23075.959 23838.092 22130.908 23163.119 25920.525
23386.186 24058.949 22492.719 23330.416 25946.068
23781.496 24609.609 23131.775 23787.379 26529.936
24248.723 25103.580 23623.736 24467.914 27140.131
24713.887 25642.391 24120.979 25526.715 27928.496
24950.342 25979.055 24643.486 26600.971 28434.242
25140.613 26298.207 24988.998 27646.521 29277.246
25226.121 26471.584 25203.037 28700.623 30033.396
25248.350 26627.566 25436.904 29852.295 30713.377
25035.105 26545.211 25490.680 30704.156 31158.152
24743.363 26518.598 25531.500 31551.688 31660.043
24505.041 26331.830 25343.027 32039.135 32122.797
24002.723 26087.832 25022.205 32390.545 32392.342
23847.305 25674.186 24559.412 32579.877 32783.266
23581.775 25415.012 24122.801 32856.352 33083.102
23289.701 24967.783 23733.494 32967.012 33234.305
22993.338 24564.998 23401.564 33023.246 33414.871
22586.986 24071.529 23016.543 32604.375 33007.672
22259.504 23662.547 22654.578 32337.195 32838.270
21966.715 23372.965 22408.391 31957.232 32521.268
21882.197 23110.582 22183.994 31753.012 32327.580
21589.506 22735.270 22065.344 30970.307 31747.908
